   0.400 0.0238
   0.401 0.0237
   0.402 0.0238
   0.403 0.0238
   0.404 0.0238
   0.405 0.0238
   0.406 0.0238
   0.407 0.0238
   0.408 0.0238
   0.409 0.0238
   0.410 0.0238
   0.411 0.0238
   0.412 0.0238
   0.413 0.0238
   0.414 0.0238
   0.415 0.0238
   0.416 0.0239
   0.417 0.0239
   0.418 0.0239
   0.419 0.0239
   0.420 0.0240
   0.421 0.0240
   0.422 0.0240
   0.423 0.0241
   0.424 0.0241
   0.425 0.0241
   0.426 0.0242
   0.427 0.0242
   0.428 0.0242
   0.429 0.0243
   0.430 0.0244
   0.431 0.0244
   0.432 0.0244
   0.433 0.0244
   0.434 0.0244
   0.435 0.0244
   0.436 0.0245
   0.437 0.0246
   0.438 0.0247
   0.439 0.0247
   0.440 0.0248
   0.441 0.0249
   0.442 0.0249
   0.443 0.0250
   0.444 0.0251
   0.445 0.0252
   0.446 0.0253
   0.447 0.0255
   0.448 0.0255
   0.449 0.0256
   0.450 0.0258
   0.451 0.0259
   0.452 0.0260
   0.453 0.0261
   0.454 0.0262
   0.455 0.0263
   0.456 0.0264
   0.457 0.0264
   0.458 0.0265
   0.459 0.0266
   0.460 0.0267
   0.461 0.0267
   0.462 0.0268
   0.463 0.0269
   0.464 0.0270
   0.465 0.0271
   0.466 0.0272
   0.467 0.0273
   0.468 0.0274
   0.469 0.0275
   0.470 0.0276
   0.471 0.0277
   0.472 0.0278
   0.473 0.0280
   0.474 0.0281
   0.475 0.0282
   0.476 0.0283
   0.477 0.0284
   0.478 0.0285
   0.479 0.0286
   0.480 0.0286
   0.481 0.0287
   0.482 0.0288
   0.483 0.0289
   0.484 0.0290
   0.485 0.0291
   0.486 0.0292
   0.487 0.0292
   0.488 0.0293
   0.489 0.0293
   0.490 0.0293
   0.491 0.0294
   0.492 0.0295
   0.493 0.0296
   0.494 0.0297
   0.495 0.0298
   0.496 0.0298
   0.497 0.0299
   0.498 0.0301
   0.499 0.0302
   0.500 0.0303
   0.501 0.0304
   0.502 0.0306
   0.503 0.0307
   0.504 0.0308
   0.505 0.0310
   0.506 0.0311
   0.507 0.0312
   0.508 0.0314
   0.509 0.0315
   0.510 0.0316
   0.511 0.0317
   0.512 0.0318
   0.513 0.0319
   0.514 0.0321
   0.515 0.0322
   0.516 0.0324
   0.517 0.0326
   0.518 0.0328
   0.519 0.0330
   0.520 0.0331
   0.521 0.0333
   0.522 0.0335
   0.523 0.0337
   0.524 0.0339
   0.525 0.0341
   0.526 0.0343
   0.527 0.0345
   0.528 0.0346
   0.529 0.0348
   0.530 0.0350
   0.531 0.0351
   0.532 0.0353
   0.533 0.0355
   0.534 0.0356
   0.535 0.0358
   0.536 0.0359
   0.537 0.0361
   0.538 0.0362
   0.539 0.0364
   0.540 0.0365
   0.541 0.0366
   0.542 0.0368
   0.543 0.0369
   0.544 0.0370
   0.545 0.0371
   0.546 0.0372
   0.547 0.0373
   0.548 0.0374
   0.549 0.0375
   0.550 0.0375
   0.551 0.0376
   0.552 0.0377
   0.553 0.0378
   0.554 0.0379
   0.555 0.0381
   0.556 0.0382
   0.557 0.0383
   0.558 0.0384
   0.559 0.0385
   0.560 0.0386
   0.561 0.0386
   0.562 0.0387
   0.563 0.0387
   0.564 0.0388
   0.565 0.0388
   0.566 0.0387
   0.567 0.0387
   0.568 0.0387
   0.569 0.0386
   0.570 0.0385
   0.571 0.0383
   0.572 0.0381
   0.573 0.0379
   0.574 0.0377
   0.575 0.0375
   0.576 0.0372
   0.577 0.0369
   0.578 0.0365
   0.579 0.0362
   0.580 0.0358
   0.581 0.0353
   0.582 0.0349
   0.583 0.0344
   0.584 0.0340
   0.585 0.0335
   0.586 0.0330
   0.587 0.0325
   0.588 0.0321
   0.589 0.0316
   0.590 0.0311
   0.591 0.0306
   0.592 0.0301
   0.593 0.0297
   0.594 0.0292
   0.595 0.0286
   0.596 0.0281
   0.597 0.0275
   0.598 0.0269
   0.599 0.0263
   0.600 0.0258
   0.601 0.0253
   0.602 0.0249
   0.603 0.0245
   0.604 0.0243
   0.605 0.0241
   0.606 0.0240
   0.607 0.0238
   0.608 0.0237
   0.609 0.0236
   0.610 0.0235
   0.611 0.0234
   0.612 0.0233
   0.613 0.0232
   0.614 0.0230
   0.615 0.0229
   0.616 0.0228
   0.617 0.0227
   0.618 0.0226
   0.619 0.0225
   0.620 0.0224
   0.621 0.0223
   0.622 0.0222
   0.623 0.0221
   0.624 0.0220
   0.625 0.0219
   0.626 0.0218
   0.627 0.0217
   0.628 0.0217
   0.629 0.0216
   0.630 0.0215
   0.631 0.0214
   0.632 0.0214
   0.633 0.0213
   0.634 0.0212
   0.635 0.0212
   0.636 0.0211
   0.637 0.0210
   0.638 0.0210
   0.639 0.0209
   0.640 0.0209
   0.641 0.0208
   0.642 0.0208
   0.643 0.0207
   0.644 0.0206
   0.645 0.0206
   0.646 0.0205
   0.647 0.0204
   0.648 0.0203
   0.649 0.0203
   0.650 0.0202
   0.651 0.0201
   0.652 0.0199
   0.653 0.0198
   0.654 0.0197
   0.655 0.0195
   0.656 0.0194
   0.657 0.0191
   0.658 0.0190
   0.659 0.0188
   0.660 0.0187
   0.661 0.0185
   0.662 0.0184
   0.663 0.0183
   0.664 0.0182
   0.665 0.0182
   0.666 0.0181
   0.667 0.0180
   0.668 0.0180
   0.669 0.0179
   0.670 0.0179
   0.671 0.0178
   0.672 0.0178
   0.673 0.0178
   0.674 0.0178
   0.675 0.0178
   0.676 0.0178
   0.677 0.0177
   0.678 0.0177
   0.679 0.0177
   0.680 0.0177
   0.681 0.0177
   0.682 0.0177
   0.683 0.0177
   0.684 0.0177
   0.685 0.0177
   0.686 0.0178
   0.687 0.0178
   0.688 0.0177
   0.689 0.0177
   0.690 0.0176
   0.691 0.0175
   0.692 0.0174
   0.693 0.0173
   0.694 0.0172
   0.695 0.0171
   0.696 0.0170
   0.697 0.0169
   0.698 0.0167
   0.699 0.0166
   0.700 0.0165
   0.701 0.0164
   0.702 0.0163
   0.703 0.0161
   0.704 0.0160
   0.705 0.0159
   0.706 0.0157
   0.707 0.0156
   0.708 0.0155
   0.709 0.0154
   0.710 0.0152
   0.711 0.0151
   0.712 0.0150
   0.713 0.0148
   0.714 0.0147
   0.715 0.0146
   0.716 0.0145
   0.717 0.0144
   0.718 0.0143
   0.719 0.0142
   0.720 0.0140
   0.721 0.0139
   0.722 0.0138
   0.723 0.0137
   0.724 0.0136
   0.725 0.0136
   0.726 0.0135
   0.727 0.0134
   0.728 0.0133
   0.729 0.0132
   0.730 0.0131
   0.731 0.0130
   0.732 0.0129
   0.733 0.0129
   0.734 0.0128
   0.735 0.0128
   0.736 0.0127
   0.737 0.0127
   0.738 0.0127
   0.739 0.0127
   0.740 0.0127
   0.741 0.0126
   0.742 0.0126
   0.743 0.0126
   0.744 0.0126
   0.745 0.0126
   0.746 0.0126
   0.747 0.0125
   0.748 0.0125
   0.749 0.0125
   0.750 0.0125
   0.751 0.0125
   0.752 0.0125
   0.753 0.0125
   0.754 0.0125
   0.755 0.0124
   0.756 0.0124
   0.757 0.0124
   0.758 0.0124
   0.759 0.0124
   0.760 0.0126
   0.761 0.0127
   0.762 0.0126
   0.763 0.0126
   0.764 0.0125
   0.765 0.0125
   0.766 0.0124
   0.767 0.0124
   0.768 0.0123
   0.769 0.0123
   0.770 0.0123
   0.771 0.0123
   0.772 0.0123
   0.773 0.0123
   0.774 0.0123
   0.775 0.0123
   0.776 0.0123
   0.777 0.0123
   0.778 0.0123
   0.779 0.0123
   0.780 0.0123
   0.781 0.0123
   0.782 0.0123
   0.783 0.0123
   0.784 0.0123
   0.785 0.0123
   0.786 0.0123
   0.787 0.0123
   0.788 0.0123
   0.789 0.0123
   0.790 0.0123
   0.791 0.0123
   0.792 0.0123
   0.793 0.0123
   0.794 0.0123
   0.795 0.0123
   0.796 0.0123
   0.797 0.0123
   0.798 0.0123
   0.799 0.0123
   0.800 0.0123
   0.801 0.0123
   0.802 0.0123
   0.803 0.0123
   0.804 0.0123
   0.805 0.0123
   0.806 0.0123
   0.807 0.0123
   0.808 0.0123
   0.809 0.0123
   0.810 0.0123
   0.811 0.0123
   0.812 0.0123
   0.813 0.0122
   0.814 0.0122
   0.815 0.0123
   0.816 0.0122
   0.817 0.0122
   0.818 0.0122
   0.819 0.0122
   0.820 0.0122
   0.821 0.0122
   0.822 0.0121
   0.823 0.0121
   0.824 0.0121
   0.825 0.0121
   0.826 0.0120
   0.827 0.0120
   0.828 0.0120
   0.829 0.0119
   0.830 0.0119
   0.831 0.0119
   0.832 0.0119
   0.833 0.0118
   0.834 0.0118
   0.835 0.0118
   0.836 0.0118
   0.837 0.0118
   0.838 0.0118
   0.839 0.0117
   0.840 0.0117
   0.841 0.0117
   0.842 0.0117
   0.843 0.0117
   0.844 0.0117
   0.845 0.0117
   0.846 0.0117
   0.847 0.0117
   0.848 0.0116
   0.849 0.0116
   0.850 0.0116
   0.851 0.0116
   0.852 0.0116
   0.853 0.0116
   0.854 0.0116
   0.855 0.0117
   0.856 0.0116
   0.857 0.0116
   0.858 0.0116
   0.859 0.0116
   0.860 0.0116
   0.861 0.0116
   0.862 0.0116
   0.863 0.0115
   0.864 0.0115
   0.865 0.0115
   0.866 0.0115
   0.867 0.0115
   0.868 0.0115
   0.869 0.0115
   0.870 0.0115
   0.871 0.0115
   0.872 0.0115
   0.873 0.0115
   0.874 0.0115
   0.875 0.0114
   0.876 0.0115
   0.877 0.0114
   0.878 0.0114
   0.879 0.0114
   0.880 0.0114
   0.881 0.0114
   0.882 0.0114
   0.883 0.0114
   0.884 0.0114
   0.885 0.0113
   0.886 0.0113
   0.887 0.0113
   0.888 0.0113
   0.889 0.0113
   0.890 0.0113
   0.891 0.0113
   0.892 0.0113
   0.893 0.0113
   0.894 0.0113
   0.895 0.0113
   0.896 0.0113
   0.897 0.0112
   0.898 0.0112
   0.899 0.0113
   0.900 0.0113
   0.901 0.0113
   0.902 0.0113
   0.903 0.0113
   0.904 0.0113
   0.905 0.0112
   0.906 0.0112
   0.907 0.0112
   0.908 0.0112
   0.909 0.0112
   0.910 0.0112
   0.911 0.0112
   0.912 0.0112
   0.913 0.0112
   0.914 0.0112
   0.915 0.0112
   0.916 0.0112
   0.917 0.0112
   0.918 0.0112
   0.919 0.0112
   0.920 0.0112
   0.921 0.0111
   0.922 0.0111
   0.923 0.0111
   0.924 0.0111
   0.925 0.0111
   0.926 0.0111
   0.927 0.0110
   0.928 0.0110
   0.929 0.0110
   0.930 0.0110
   0.931 0.0110
   0.932 0.0110
   0.933 0.0110
   0.934 0.0111
   0.935 0.0112
   0.936 0.0112
   0.937 0.0112
   0.938 0.0113
   0.939 0.0112
   0.940 0.0111
   0.941 0.0111
   0.942 0.0111
   0.943 0.0111
   0.944 0.0110
   0.945 0.0109
   0.946 0.0110
   0.947 0.0110
   0.948 0.0111
   0.949 0.0110
   0.950 0.0110
   0.951 0.0110
   0.952 0.0110
   0.953 0.0110
   0.954 0.0110
   0.955 0.0109
   0.956 0.0109
   0.957 0.0109
   0.958 0.0109
   0.959 0.0109
   0.960 0.0109
   0.961 0.0108
   0.962 0.0108
   0.963 0.0108
   0.964 0.0108
   0.965 0.0108
   0.966 0.0108
   0.967 0.0108
   0.968 0.0108
   0.969 0.0107
   0.970 0.0107
   0.971 0.0107
   0.972 0.0106
   0.973 0.0106
   0.974 0.0105
   0.975 0.0107
   0.976 0.0107
