1	01	01	1.035069187
2	01	02	1.035077374
3	01	03	1.035074557
4	01	04	1.035060737
5	01	05	1.035035918
6	01	06	1.035000107
7	01	07	1.034953319
8	01	08	1.034895569
9	01	09	1.034826877
10	01	10	1.034747269
11	01	11	1.034656772
12	01	12	1.034555419
13	01	13	1.034443246
14	01	14	1.034320294
15	01	15	1.034186607
16	01	16	1.034042232
17	01	17	1.033887222
18	01	18	1.033721633
19	01	19	1.033545524
20	01	20	1.033358958
21	01	21	1.033162003
22	01	22	1.03295473
23	01	23	1.032737212
24	01	24	1.032509529
25	01	25	1.032271761
26	01	26	1.032023995
27	01	27	1.031766319
28	01	28	1.031498825
29	01	29	1.031221609
30	01	30	1.030934771
31	01	31	1.030638412
32	02	01	1.030332639
33	02	02	1.030017561
34	02	03	1.029693288
35	02	04	1.029359938
36	02	05	1.029017628
37	02	06	1.028666479
38	02	07	1.028306615
39	02	08	1.027938165
40	02	09	1.027561257
41	02	10	1.027176025
42	02	11	1.026782603
43	02	12	1.026381131
44	02	13	1.025971747
45	02	14	1.025554597
46	02	15	1.025129824
47	02	16	1.024697578
48	02	17	1.024258007
49	02	18	1.023811265
50	02	19	1.023357505
51	02	20	1.022896885
52	02	21	1.022429564
53	02	22	1.021955701
54	02	23	1.021475458
55	02	24	1.020989001
56	02	25	1.020496495
57	02	26	1.019998107
58	02	27	1.019494006
59	02	28	1.018984364
60	03	01	1.018469351
61	03	02	1.017949141
62	03	03	1.017423909
63	03	04	1.01689383
64	03	05	1.016359081
65	03	06	1.01581984
66	03	07	1.015276285
67	03	08	1.014728596
68	03	09	1.014176953
69	03	10	1.013621539
70	03	11	1.013062533
71	03	12	1.01250012
72	03	13	1.01193448
73	03	14	1.011365799
74	03	15	1.010794259
75	03	16	1.010220045
76	03	17	1.00964334
77	03	18	1.009064329
78	03	19	1.008483196
79	03	20	1.007900125
80	03	21	1.007315301
81	03	22	1.006728908
82	03	23	1.00614113
83	03	24	1.00555215
84	03	25	1.004962152
85	03	26	1.004371318
86	03	27	1.003779832
87	03	28	1.003187874
88	03	29	1.002595627
89	03	30	1.00200327
90	03	31	1.001410984
91	04	01	1.000818949
92	04	02	1.000227342
93	04	03	0.99963634
94	04	04	0.999046122
95	04	05	0.998456861
96	04	06	0.997868732
97	04	07	0.99728191
98	04	08	0.996696565
99	04	09	0.99611287
100	04	10	0.995530994
101	04	11	0.994951105
102	04	12	0.99437337
103	04	13	0.993797957
104	04	14	0.993225028
105	04	15	0.992654747
106	04	16	0.992087275
107	04	17	0.991522772
108	04	18	0.990961396
109	04	19	0.990403305
110	04	20	0.989848652
111	04	21	0.989297592
112	04	22	0.988750276
113	04	23	0.988206853
114	04	24	0.987667473
115	04	25	0.98713228
116	04	26	0.986601421
117	04	27	0.986075036
118	04	28	0.985553267
119	04	29	0.985036253
120	04	30	0.984524131
121	05	01	0.984017034
122	05	02	0.983515098
123	05	03	0.983018451
124	05	04	0.982527224
125	05	05	0.982041543
126	05	06	0.981561532
127	05	07	0.981087316
128	05	08	0.980619014
129	05	09	0.980156745
130	05	10	0.979700625
131	05	11	0.97925077
132	05	12	0.978807292
133	05	13	0.9783703
134	05	14	0.977939902
135	05	15	0.977516206
136	05	16	0.977099314
137	05	17	0.976689328
138	05	18	0.976286349
139	05	19	0.975890472
140	05	20	0.975501793
141	05	21	0.975120406
142	05	22	0.974746401
143	05	23	0.974379867
144	05	24	0.974020891
145	05	25	0.973669557
146	05	26	0.973325946
147	05	27	0.972990141
148	05	28	0.972662217
149	05	29	0.972342251
150	05	30	0.972030317
151	05	31	0.971726486
152	06	01	0.971430828
153	06	02	0.971143409
154	06	03	0.970864295
155	06	04	0.970593549
156	06	05	0.970331231
157	06	06	0.9700774
158	06	07	0.969832113
159	06	08	0.969595424
160	06	09	0.969367386
161	06	10	0.969148049
162	06	11	0.968937461
163	06	12	0.968735667
164	06	13	0.968542713
165	06	14	0.96835864
166	06	15	0.968183487
167	06	16	0.968017293
168	06	17	0.967860094
169	06	18	0.967711922
170	06	19	0.967572811
171	06	20	0.967442788
172	06	21	0.967321882
173	06	22	0.967210118
174	06	23	0.96710752
175	06	24	0.967014109
176	06	25	0.966929905
177	06	26	0.966854925
178	06	27	0.966789184
179	06	28	0.966732696
180	06	29	0.966685472
181	06	30	0.966647522
182	07	01	0.966618853
183	07	02	0.96659947
184	07	03	0.966589376
185	07	04	0.966588574
186	07	05	0.966597062
187	07	06	0.966614838
188	07	07	0.966641898
189	07	08	0.966678234
190	07	09	0.966723839
191	07	10	0.966778701
192	07	11	0.966842808
193	07	12	0.966916146
194	07	13	0.966998697
195	07	14	0.967090445
196	07	15	0.967191367
197	07	16	0.967301442
198	07	17	0.967420645
199	07	18	0.96754895
200	07	19	0.967686327
201	07	20	0.967832747
202	07	21	0.967988177
203	07	22	0.968152582
204	07	23	0.968325926
205	07	24	0.96850817
206	07	25	0.968699275
207	07	26	0.968899196
208	07	27	0.969107889
209	07	28	0.969325308
210	07	29	0.969551405
211	07	30	0.969786127
212	07	31	0.970029423
213	08	01	0.970281237
214	08	02	0.970541513
215	08	03	0.970810191
216	08	04	0.971087211
217	08	05	0.97137251
218	08	06	0.971666021
219	08	07	0.971967679
220	08	08	0.972277413
221	08	09	0.972595152
222	08	10	0.972920823
223	08	11	0.97325435
224	08	12	0.973595655
225	08	13	0.973944659
226	08	14	0.97430128
227	08	15	0.974665433
228	08	16	0.975037033
229	08	17	0.975415991
230	08	18	0.975802218
231	08	19	0.97619562
232	08	20	0.976596104
233	08	21	0.977003573
234	08	22	0.977417928
235	08	23	0.977839068
236	08	24	0.978266891
237	08	25	0.978701292
238	08	26	0.979142163
239	08	27	0.979589397
240	08	28	0.980042881
241	08	29	0.980502503
242	08	30	0.980968147
243	08	31	0.981439697
244	09	01	0.981917032
245	09	02	0.982400032
246	09	03	0.982888573
247	09	04	0.983382531
248	09	05	0.983881777
249	09	06	0.984386183
250	09	07	0.984895618
251	09	08	0.985409948
252	09	09	0.985929039
253	09	10	0.986452754
254	09	11	0.986980953
255	09	12	0.987513497
256	09	13	0.988050242
257	09	14	0.988591046
258	09	15	0.989135761
259	09	16	0.98968424
260	09	17	0.990236334
261	09	18	0.990791891
262	09	19	0.991350759
263	09	20	0.991912782
264	09	21	0.992477806
265	09	22	0.993045673
266	09	23	0.993616222
267	09	24	0.994189295
268	09	25	0.994764728
269	09	26	0.995342358
270	09	27	0.99592202
271	09	28	0.996503548
272	09	29	0.997086775
273	09	30	0.997671531
274	10	01	0.998257647
275	10	02	0.998844952
276	10	03	0.999433273
277	10	04	1.000022436
278	10	05	1.000612269
279	10	06	1.001202595
280	10	07	1.001793238
281	10	08	1.002384022
282	10	09	1.002974767
283	10	10	1.003565297
284	10	11	1.004155431
285	10	12	1.00474499
286	10	13	1.005333793
287	10	14	1.005921659
288	10	15	1.006508407
289	10	16	1.007093855
290	10	17	1.00767782
291	10	18	1.008260121
292	10	19	1.008840576
293	10	20	1.009419
294	10	21	1.009995212
295	10	22	1.010569028
296	10	23	1.011140267
297	10	24	1.011708745
298	10	25	1.01227428
299	10	26	1.012836691
300	10	27	1.013395795
301	10	28	1.013951411
302	10	29	1.014503359
303	10	30	1.015051458
304	10	31	1.015595529
305	11	01	1.016135393
306	11	02	1.016670873
307	11	03	1.01720179
308	11	04	1.017727969
309	11	05	1.018249235
310	11	06	1.018765413
311	11	07	1.019276331
312	11	08	1.019781817
313	11	09	1.020281701
314	11	10	1.020775813
315	11	11	1.021263986
316	11	12	1.021746055
317	11	13	1.022221854
318	11	14	1.022691221
319	11	15	1.023153996
320	11	16	1.023610019
321	11	17	1.024059133
322	11	18	1.024501183
323	11	19	1.024936016
324	11	20	1.025363481
325	11	21	1.025783429
326	11	22	1.026195714
327	11	23	1.026600191
328	11	24	1.026996718
329	11	25	1.027385157
330	11	26	1.02776537
331	11	27	1.028137224
332	11	28	1.028500587
333	11	29	1.02885533
334	11	30	1.029201328
335	12	01	1.029538456
336	12	02	1.029866596
337	12	03	1.030185629
338	12	04	1.030495442
339	12	05	1.030795924
340	12	06	1.031086966
341	12	07	1.031368465
342	12	08	1.031640319
343	12	09	1.031902429
344	12	10	1.0321547
345	12	11	1.032397043
346	12	12	1.032629368
347	12	13	1.032851591
348	12	14	1.033063632
349	12	15	1.033265413
350	12	16	1.033456861
351	12	17	1.033637905
352	12	18	1.03380848
353	12	19	1.033968522
354	12	20	1.034117974
355	12	21	1.03425678
356	12	22	1.034384889
357	12	23	1.034502254
358	12	24	1.034608831
359	12	25	1.034704581
360	12	26	1.034789469
361	12	27	1.034863462
362	12	28	1.034926533
363	12	29	1.034978659
364	12	30	1.03501982
365	12	31	1.03505
