      14.005602    3.40985E-04
      13.986014    3.29943E-04
      13.966480    3.99383E-04
      13.947001    3.45358E-04
      13.927577    3.12542E-04
      13.908206    2.70798E-04
      13.888889    2.50034E-04
      13.869625    2.50701E-04
      13.850415    3.72320E-04
      13.831259    4.96165E-04
      13.812155    3.94441E-04
      13.793103    4.14273E-04
      13.774105    5.53068E-04
      13.755158    3.93592E-04
      13.736263    5.40860E-04
      13.717422    3.63659E-04
      13.698630    3.84694E-04
      13.679891    4.41364E-04
      13.661202    3.91445E-04
      13.642565    3.98518E-04
      13.623979    5.32716E-04
      13.605442    3.90474E-04
      13.586957    4.07218E-04
      13.568521    5.35924E-04
      13.550136    3.88086E-04
      13.531799    3.90424E-04
      13.513514    5.12552E-04
      13.495276    3.07105E-04
      13.477089    3.17738E-04
      13.458950    5.95868E-04
      13.440860    4.53781E-04
      13.422819    4.57962E-04
      13.404826    6.37871E-04
      13.386881    5.12480E-04
      13.368984    4.71982E-04
      13.351135    6.49651E-04
      13.333333    5.19588E-04
      13.315579    5.51206E-04
      13.297873    6.46806E-04
      13.280212    5.59785E-04
      13.262599    5.34822E-04
      13.245033    5.92586E-04
      13.227513    5.78547E-04
      13.210039    6.05214E-04
      13.192612    7.08670E-04
      13.175231    6.61765E-04
      13.157895    6.64454E-04
      13.140604    7.40312E-04
      13.123360    6.89270E-04
      13.106160    7.04974E-04
      13.089005    7.56915E-04
      13.071896    7.15886E-04
      13.054831    7.30760E-04
      13.037809    7.52452E-04
      13.020833    7.38093E-04
      13.003901    6.76287E-04
      12.987013    7.05545E-04
      12.970169    7.53321E-04
      12.953368    7.68024E-04
      12.936610    7.62941E-04
      12.919897    7.64436E-04
      12.903226    7.67207E-04
      12.886598    6.78009E-04
      12.870013    6.51454E-04
      12.853471    7.75999E-04
      12.836970    7.10000E-04
      12.820513    7.79823E-04
      12.804097    7.81344E-04
      12.787724    7.81683E-04
      12.771392    7.84066E-04
      12.755102    6.19013E-04
      12.738853    7.49797E-04
      12.722647    7.93150E-04
      12.706480    7.94054E-04
      12.690355    7.96357E-04
      12.674272    8.01836E-04
      12.658228    8.00826E-04
      12.642225    7.71269E-04
      12.626263    6.46064E-04
      12.610340    7.80248E-04
      12.594459    7.05973E-04
      12.578616    7.81064E-04
      12.562814    6.25701E-04
      12.547051    7.83958E-04
      12.531328    7.15293E-04
      12.515644    5.81349E-04
      12.500000    7.98379E-04
      12.484394    8.15447E-04
      12.468828    8.07733E-04
      12.453300    7.46335E-04
      12.437811    7.29223E-04
      12.422360    8.12935E-04
      12.406948    8.03058E-04
      12.391574    8.21560E-04
      12.376238    7.09152E-04
      12.360939    8.12860E-04
      12.345679    8.31665E-04
      12.330456    8.25968E-04
      12.315271    8.28520E-04
      12.300123    8.33755E-04
      12.285012    7.55330E-04
      12.269938    7.68350E-04
      12.254902    8.33103E-04
      12.239902    8.37873E-04
      12.224938    8.43140E-04
      12.210012    8.41682E-04
      12.195122    8.43683E-04
      12.180268    8.47016E-04
      12.165450    8.46698E-04
      12.150668    8.46784E-04
      12.135922    8.50451E-04
      12.121212    8.01412E-04
      12.106538    8.51219E-04
      12.091898    8.32605E-04
      12.077294    7.63104E-04
      12.062726    8.55006E-04
      12.048193    8.57400E-04
      12.033694    8.58671E-04
      12.019231    8.60504E-04
      12.004802    8.61400E-04
      11.990408    8.62573E-04
      11.976048    8.63073E-04
      11.961722    8.52533E-04
      11.947432    8.65550E-04
      11.933174    8.64134E-04
      11.918951    8.65409E-04
      11.904762    7.71371E-04
      11.890607    8.65541E-04
      11.876485    8.42118E-04
      11.862396    8.69685E-04
      11.848341    8.70557E-04
      11.834319    8.71104E-04
      11.820331    8.70611E-04
      11.806376    8.72118E-04
      11.792453    8.73190E-04
      11.778563    8.67583E-04
      11.764706    7.90451E-04
      11.750881    8.71885E-04
      11.737089    7.30072E-04
      11.723330    7.98429E-04
      11.709601    8.71089E-04
      11.695907    7.97574E-04
      11.682243    8.83109E-04
      11.668612    8.85511E-04
      11.655011    8.86686E-04
      11.641443    8.78981E-04
      11.627907    8.84699E-04
      11.614402    8.89758E-04
      11.600928    8.90394E-04
      11.587485    8.91280E-04
      11.574074    8.90681E-04
      11.560694    8.29526E-04
      11.547344    8.90405E-04
      11.534025    8.93908E-04
      11.520738    8.94917E-04
      11.507480    8.95130E-04
      11.494253    8.96105E-04
      11.481056    8.25047E-04
      11.467890    8.94352E-04
      11.454754    8.98920E-04
      11.441648    9.00477E-04
      11.428572    9.01470E-04
      11.415525    9.00114E-04
      11.402509    9.02661E-04
      11.389522    8.98770E-04
      11.376564    8.45357E-04
      11.363636    9.04993E-04
      11.350738    8.81703E-04
      11.337869    9.05414E-04
      11.325028    8.96082E-04
      11.312217    8.54622E-04
      11.299435    9.05755E-04
      11.286682    9.07466E-04
      11.273957    8.18960E-04
      11.261261    9.03614E-04
      11.248594    8.83463E-04
      11.235955    8.99513E-04
      11.223345    8.97220E-04
      11.210762    9.12594E-04
      11.198208    9.14898E-04
      11.185682    9.15927E-04
      11.173184    9.15906E-04
      11.160714    9.11984E-04
      11.148272    9.16948E-04
      11.135858    9.12754E-04
      11.123470    9.20694E-04
      11.111111    9.21764E-04
      11.098779    9.23131E-04
      11.086474    9.22886E-04
      11.074197    9.24022E-04
      11.061947    9.24993E-04
      11.049724    9.22508E-04
      11.037528    9.07987E-04
      11.025358    9.22236E-04
      11.013216    9.22249E-04
      11.001101    8.38539E-04
      10.989011    9.19894E-04
      10.976949    9.25860E-04
      10.964912    9.28163E-04
      10.952903    9.29493E-04
      10.940919    9.18009E-04
      10.928962    9.30522E-04
      10.917030    9.31955E-04
      10.905126    9.31896E-04
      10.893247    9.18110E-04
      10.881392    9.32827E-04
      10.869565    9.34306E-04
      10.857763    9.22913E-04
      10.845987    8.68740E-04
      10.834236    9.29452E-04
      10.822511    9.37437E-04
      10.810811    8.65749E-04
      10.799136    9.37671E-04
      10.787486    9.36173E-04
      10.775862    9.40095E-04
      10.764262    9.29663E-04
      10.752688    9.41056E-04
      10.741138    9.36613E-04
      10.729613    9.42454E-04
      10.718114    9.38392E-04
      10.706638    9.45981E-04
      10.695188    9.38566E-04
      10.683761    9.47743E-04
      10.672359    9.37777E-04
      10.660981    9.49288E-04
      10.649628    9.38981E-04
      10.638298    9.50084E-04
      10.626992    9.29131E-04
      10.615711    9.37320E-04
      10.604454    9.51991E-04
      10.593221    9.35221E-04
      10.582010    9.43628E-04
      10.570825    9.36571E-04
      10.559662    9.46574E-04
      10.548523    8.62932E-04
      10.537408    9.34642E-04
      10.526316    9.55830E-04
      10.515247    9.39701E-04
      10.504202    9.57119E-04
      10.493179    9.16704E-04
      10.482181    9.54209E-04
      10.471204    9.12338E-04
      10.460251    9.36798E-04
      10.449321    9.60067E-04
      10.438414    9.52966E-04
      10.427528    9.50900E-04
      10.416667    9.51885E-04
      10.405828    9.60945E-04
      10.395010    9.58781E-04
      10.384216    9.57028E-04
      10.373444    9.62866E-04
      10.362695    9.53346E-04
      10.351967    9.42661E-04
      10.341262    9.47481E-04
      10.330579    9.48511E-04
      10.319918    9.46941E-04
      10.309278    9.62275E-04
      10.298661    9.18362E-04
      10.288066    9.33465E-04
      10.277493    9.23920E-04
      10.266940    9.37334E-04
      10.256411    9.45560E-04
      10.245902    9.08892E-04
      10.235415    9.28078E-04
      10.224949    9.48335E-04
      10.214504    9.59511E-04
      10.204082    9.51264E-04
      10.193680    9.47553E-04
      10.183299    9.47894E-04
      10.172940    9.51138E-04
      10.162601    9.44288E-04
      10.152285    9.46954E-04
      10.141988    9.51398E-04
      10.131712    9.43214E-04
      10.121457    9.47538E-04
      10.111223    9.31058E-04
      10.101010    9.31963E-04
      10.090817    9.43404E-04
      10.080646    9.13469E-04
      10.070494    9.17648E-04
      10.060362    9.06117E-04
      10.050251    9.17194E-04
      10.040160    8.93741E-04
      10.030090    8.79700E-04
      10.020041    8.59873E-04
      10.010010    8.71153E-04
      10.000000    8.30122E-04
       9.990010    8.46273E-04
       9.980040    8.06719E-04
       9.970090    8.24082E-04
       9.960159    7.92079E-04
       9.950249    7.69711E-04
       9.940358    7.73928E-04
       9.930487    7.30188E-04
       9.920635    7.39806E-04
       9.910803    7.80060E-04
       9.900990    6.64540E-04
       9.891197    6.86475E-04
       9.881423    6.66259E-04
       9.871668    6.90204E-04
       9.861933    5.90538E-04
       9.852217    6.51721E-04
       9.842520    6.44387E-04
       9.832842    6.16223E-04
       9.823183    5.75323E-04
       9.813542    5.66588E-04
       9.803922    6.01012E-04
       9.794319    5.48827E-04
       9.784736    5.73714E-04
       9.775171    5.27897E-04
       9.765625    5.65267E-04
       9.756098    5.19558E-04
       9.746589    5.88000E-04
       9.737099    5.26678E-04
       9.727627    5.41722E-04
       9.718173    5.10019E-04
       9.708738    5.14955E-04
       9.699321    5.26363E-04
       9.689922    5.58332E-04
       9.680542    5.11915E-04
       9.671180    5.61383E-04
       9.661836    4.86216E-04
       9.652510    5.17828E-04
       9.643202    4.89439E-04
       9.633911    5.00975E-04
       9.624640    4.38311E-04
       9.615385    4.53420E-04
       9.606148    4.66726E-04
       9.596929    6.08482E-04
       9.587728    8.44259E-04
       9.578544    8.40063E-04
       9.569378    6.57017E-04
       9.560229    5.95263E-04
       9.551099    5.44370E-04
       9.541985    4.81215E-04
       9.532888    4.48749E-04
       9.523809    4.99615E-04
       9.514748    4.38162E-04
       9.505703    4.19808E-04
       9.496676    4.90551E-04
       9.487666    4.17307E-04
       9.478673    4.32271E-04
       9.469697    4.22532E-04
       9.460738    4.62544E-04
       9.451796    4.81390E-04
       9.442871    4.94850E-04
       9.433962    5.17031E-04
       9.425071    5.56754E-04
       9.416196    5.70339E-04
       9.407338    5.69991E-04
       9.398497    6.87948E-04
       9.389671    7.41911E-04
       9.380863    6.39848E-04
       9.372071    8.26222E-04
       9.363296    8.53010E-04
       9.354537    8.61193E-04
       9.345795    9.12214E-04
       9.337069    9.43280E-04
       9.328359    9.28258E-04
       9.319665    9.05838E-04
       9.310987    8.53428E-04
       9.302325    8.93203E-04
       9.293680    9.13361E-04
       9.285051    9.27251E-04
       9.276438    9.58807E-04
       9.267840    9.31807E-04
       9.259259    9.27678E-04
       9.250693    9.04506E-04
       9.242145    9.32770E-04
       9.233610    9.40948E-04
       9.225092    9.54178E-04
       9.216590    9.19635E-04
       9.208103    9.36068E-04
       9.199632    9.40106E-04
       9.191176    9.30885E-04
       9.182736    9.49166E-04
       9.174312    9.42827E-04
       9.165903    8.37614E-04
       9.157509    9.47379E-04
       9.149131    9.47913E-04
       9.140768    9.50178E-04
       9.132421    9.42866E-04
       9.124087    9.58931E-04
       9.115770    9.57567E-04
       9.107468    9.51039E-04
       9.099181    9.39550E-04
       9.090909    8.45667E-04
       9.082652    8.24557E-04
       9.074410    9.27551E-04
       9.066183    9.51529E-04
       9.057971    9.53223E-04
       9.049774    9.49955E-04
       9.041592    9.35399E-04
       9.033423    7.76024E-04
       9.025270    9.47364E-04
       9.017133    9.51050E-04
       9.009009    9.51083E-04
       9.000900    9.17725E-04
#          THE MAXIMUM SPECTRAL RADIANCE IS    9.62866E-04 W SR-1 CM-2 / MICRON
