TM  2    2    1    1    2    2    2    2    2    2    1    0    1 300.7780.00   
    1    1    1    0    0    0  30.00000   0.00000   0.00000   0.00000   3.19800
 -99.000 -99.000 -99.000 -99
 -99.00000 -99.00000 -99.00000  1.337000  0.000691 ! H2O & O3 COLUMNS [GM/CM2]
   36MIDLATITUDE SUMMER  
 100.00000   3.19800 180.00000  96.80200   0.000006371.22998    0
  -99  -99  -99  -99
 -99.00000 -99.00000 -99.00000 -99.00000 -99.00000 -99.00000 -99.00000 -99.00000
       714      1111         1         1
    0
  FREQ   TOT TRANS  PTH THRML  THRML SCT  SURF EMIS   SOL SCAT  SING SCAT  GRND RFLT  DRCT RFLT  TOTAL RAD  REF SOL  SOL@OBS   DEPTH
   714. 0.04135926 6.0794E-06 1.1745E-09 6.0920E-07                       0.0000E+00            6.6886E-06                     3.185
   715. 0.04950653 5.7253E-06 1.1885E-09 7.2866E-07                       0.0000E+00            6.4540E-06                     3.006
   716. 0.11538318 6.0935E-06 3.0202E-09 1.6970E-06                       0.0000E+00            7.7905E-06                     2.159
   717. 0.06202584 5.8063E-06 1.5050E-09 9.1154E-07                       0.0000E+00            6.7179E-06                     2.780
   718. 0.02081802 5.7569E-06 7.0712E-10 3.0571E-07                       0.0000E+00            6.0626E-06                     3.872
   719. 0.00169048 5.2135E-06 2.7091E-10 2.4806E-08                       0.0000E+00            5.2383E-06                     6.383
   720. 0.00000011 4.8232E-06 1.0435E-09 1.6512E-12                       0.0000E+00            4.8232E-06                    15.999
   721. 0.00000054 4.8226E-06 1.3943E-09 7.9507E-12                       0.0000E+00            4.8226E-06                    14.427
   722. 0.07624191 6.0262E-06 2.6140E-09 1.1161E-06                       0.0000E+00            7.1424E-06                     2.574
   723. 0.27693537 5.4408E-06 9.6575E-09 4.0510E-06                       0.0000E+00            9.4918E-06                     1.284
   724. 0.12694594 5.6695E-06 3.2293E-09 1.8555E-06                       0.0000E+00            7.5250E-06                     2.064
   725. 0.16663745 5.4478E-06 3.3220E-09 2.4337E-06                       0.0000E+00            7.8815E-06                     1.792
   726. 0.38255876 4.9104E-06 1.2932E-08 5.5827E-06                       0.0000E+00            1.0493E-05                     0.961
   727. 0.13133469 5.5319E-06 2.6613E-09 1.9150E-06                       0.0000E+00            7.4469E-06                     2.030
   728. 0.34988350 5.1076E-06 1.1843E-08 5.0976E-06                       0.0000E+00            1.0205E-05                     1.050
   729. 0.06673818 5.8713E-06 1.5583E-09 9.7155E-07                       0.0000E+00            6.8429E-06                     2.707
   730. 0.11174064 5.5935E-06 2.4448E-09 1.6253E-06                       0.0000E+00            7.2189E-06                     2.192
   731. 0.11635105 6.5687E-06 3.3918E-09 1.6910E-06                       0.0000E+00            8.2597E-06                     2.151
   732. 0.13171564 5.3928E-06 2.6467E-09 1.9127E-06                       0.0000E+00            7.3055E-06                     2.027
   733. 0.13553861 5.4506E-06 3.0589E-09 1.9666E-06                       0.0000E+00            7.4172E-06                     1.998
   734. 0.31930482 5.2589E-06 1.1230E-08 4.6290E-06                       0.0000E+00            9.8879E-06                     1.142
   735. 0.12850313 5.3666E-06 2.5067E-09 1.8614E-06                       0.0000E+00            7.2280E-06                     2.052
   736. 0.14833842 5.3706E-06 2.8640E-09 2.1468E-06                       0.0000E+00            7.5175E-06                     1.908
   737. 0.32892656 5.1102E-06 1.1844E-08 4.7564E-06                       0.0000E+00            9.8666E-06                     1.112
   738. 0.11149582 5.5146E-06 2.5922E-09 1.6109E-06                       0.0000E+00            7.1255E-06                     2.194
   739. 0.11305887 5.5170E-06 2.4285E-09 1.6320E-06                       0.0000E+00            7.1490E-06                     2.180
   740. 0.24229978 5.8653E-06 9.1511E-09 3.4946E-06                       0.0000E+00            9.3600E-06                     1.418
   741. 0.01054947 5.4411E-06 5.4164E-10 1.5202E-07                       0.0000E+00            5.5931E-06                     4.552
   742. 0.01979265 5.4862E-06 7.2061E-10 2.8496E-07                       0.0000E+00            5.7711E-06                     3.922
   743. 0.42871302 4.6268E-06 1.5468E-08 6.1669E-06                       0.0000E+00            1.0794E-05                     0.847
   744. 0.18839718 5.4902E-06 4.1040E-09 2.7076E-06                       0.0000E+00            8.1979E-06                     1.669
   745. 0.17599869 5.7240E-06 3.9667E-09 2.5272E-06                       0.0000E+00            8.2512E-06                     1.737
   746. 0.52692997 3.9024E-06 1.8771E-08 7.5595E-06                       0.0000E+00            1.1462E-05                     0.641
   747. 0.30303752 4.8406E-06 6.4700E-09 4.3435E-06                       0.0000E+00            9.1841E-06                     1.194
   748. 0.19203243 5.6858E-06 4.2130E-09 2.7500E-06                       0.0000E+00            8.4357E-06                     1.650
   749. 0.53653365 3.9039E-06 1.9325E-08 7.6763E-06                       0.0000E+00            1.1580E-05                     0.623
   750. 0.31143308 4.7855E-06 7.2038E-09 4.4517E-06                       0.0000E+00            9.2371E-06                     1.167
   751. 0.36523694 4.5572E-06 9.0591E-09 5.2159E-06                       0.0000E+00            9.7731E-06                     1.007
   752. 0.51555115 4.0820E-06 1.5112E-08 7.3557E-06                       0.0000E+00            1.1438E-05                     0.663
   753. 0.36904854 4.6120E-06 1.0139E-08 5.2606E-06                       0.0000E+00            9.8726E-06                     0.997
   754. 0.27087703 5.5497E-06 7.7264E-09 3.8576E-06                       0.0000E+00            9.4073E-06                     1.306
   755. 0.36973238 5.1353E-06 9.4604E-09 5.2604E-06                       0.0000E+00            1.0396E-05                     0.995
   756. 0.37797990 4.7500E-06 1.1438E-08 5.3727E-06                       0.0000E+00            1.0123E-05                     0.973
   757. 0.44103462 4.2983E-06 1.5871E-08 6.2630E-06                       0.0000E+00            1.0561E-05                     0.819
   758. 0.68270361 2.6484E-06 2.4356E-08 9.6857E-06                       0.0000E+00            1.2334E-05                     0.382
   759. 0.57161355 3.3855E-06 1.8201E-08 8.1018E-06                       0.0000E+00            1.1487E-05                     0.559
   760. 0.56192678 3.5468E-06 1.9461E-08 7.9569E-06                       0.0000E+00            1.1504E-05                     0.576
   761. 0.73613560 2.3698E-06 2.6391E-08 1.0414E-05                       0.0000E+00            1.2783E-05                     0.306
   762. 0.62391460 3.0533E-06 2.1941E-08 8.8175E-06                       0.0000E+00            1.1871E-05                     0.472
   763. 0.65850931 2.8121E-06 2.3481E-08 9.2973E-06                       0.0000E+00            1.2109E-05                     0.418
   764. 0.78154373 1.9440E-06 2.8157E-08 1.1024E-05                       0.0000E+00            1.2968E-05                     0.246
   765. 0.67871314 2.6689E-06 2.4528E-08 9.5637E-06                       0.0000E+00            1.2233E-05                     0.388
   766. 0.71075284 2.4490E-06 2.5727E-08 1.0005E-05                       0.0000E+00            1.2454E-05                     0.341
   767. 0.74844623 2.2651E-06 2.5346E-08 1.0525E-05                       0.0000E+00            1.2791E-05                     0.290
   768. 0.71903044 2.4121E-06 2.6290E-08 1.0102E-05                       0.0000E+00            1.2514E-05                     0.330
   769. 0.54730952 3.7547E-06 1.5149E-08 7.6814E-06                       0.0000E+00            1.1436E-05                     0.603
   770. 0.60694242 3.3901E-06 1.7712E-08 8.5098E-06                       0.0000E+00            1.1900E-05                     0.499
   771. 0.75095081 2.1546E-06 2.7631E-08 1.0518E-05                       0.0000E+00            1.2673E-05                     0.286
   772. 0.78554040 1.8952E-06 2.8807E-08 1.0991E-05                       0.0000E+00            1.2887E-05                     0.241
   773. 0.77073252 1.9950E-06 2.8381E-08 1.0773E-05                       0.0000E+00            1.2768E-05                     0.260
   774. 0.76910663 2.0207E-06 2.8433E-08 1.0740E-05                       0.0000E+00            1.2760E-05                     0.263
   775. 0.76370984 2.1203E-06 2.8381E-08 1.0653E-05                       0.0000E+00            1.2773E-05                     0.270
   776. 0.51876915 4.0304E-06 1.4375E-08 7.2290E-06                       0.0000E+00            1.1259E-05                     0.656
   777. 0.45003653 4.5258E-06 1.2104E-08 6.2647E-06                       0.0000E+00            1.0791E-05                     0.798
   778. 0.78154832 1.9523E-06 2.9206E-08 1.0868E-05                       0.0000E+00            1.2820E-05                     0.246
   779. 0.59880781 3.3818E-06 1.6982E-08 8.3182E-06                       0.0000E+00            1.1700E-05                     0.513
   780. 0.78610986 1.9091E-06 2.9463E-08 1.0909E-05                       0.0000E+00            1.2818E-05                     0.241
   781. 0.79374367 1.8069E-06 2.9708E-08 1.1003E-05                       0.0000E+00            1.2810E-05                     0.231
   782. 0.79146808 1.8229E-06 2.9708E-08 1.0960E-05                       0.0000E+00            1.2783E-05                     0.234
   783. 0.78871179 1.8789E-06 2.9768E-08 1.0910E-05                       0.0000E+00            1.2789E-05                     0.237
   784. 0.37040910 4.9527E-06 9.1709E-09 5.1182E-06                       0.0000E+00            1.0071E-05                     0.993
   785. 0.67721927 2.8200E-06 2.5530E-08 9.3476E-06                       0.0000E+00            1.2168E-05                     0.390
   786. 0.80700898 1.7113E-06 3.0525E-08 1.1127E-05                       0.0000E+00            1.2838E-05                     0.214
   787. 0.80891925 1.6791E-06 3.0629E-08 1.1141E-05                       0.0000E+00            1.2820E-05                     0.212
   788. 0.80976260 1.6841E-06 3.0716E-08 1.1141E-05                       0.0000E+00            1.2825E-05                     0.211
   789. 0.82308334 1.5687E-06 3.1216E-08 1.1312E-05                       0.0000E+00            1.2880E-05                     0.195
   790. 0.81743461 1.6099E-06 3.1115E-08 1.1222E-05                       0.0000E+00            1.2832E-05                     0.202
   791. 0.74901706 2.0556E-06 2.8777E-08 1.0271E-05                       0.0000E+00            1.2327E-05                     0.289
   792. 0.47055730 3.8541E-06 1.8362E-08 6.4456E-06                       0.0000E+00            1.0300E-05                     0.754
   793. 0.75585896 2.0654E-06 2.9261E-08 1.0342E-05                       0.0000E+00            1.2408E-05                     0.280
   794. 0.54151452 3.7971E-06 1.5718E-08 7.4011E-06                       0.0000E+00            1.1198E-05                     0.613
   795. 0.74380809 2.2035E-06 2.9054E-08 1.0155E-05                       0.0000E+00            1.2358E-05                     0.296
   796. 0.36397159 4.9116E-06 9.7568E-09 4.9634E-06                       0.0000E+00            9.8751E-06                     1.011
   797. 0.74696022 2.1670E-06 2.9366E-08 1.0175E-05                       0.0000E+00            1.2342E-05                     0.292
   798. 0.54779035 3.7792E-06 1.9214E-08 7.4533E-06                       0.0000E+00            1.1233E-05                     0.602
   799. 0.26181415 5.5481E-06 7.1499E-09 3.5582E-06                       0.0000E+00            9.1063E-06                     1.340
   800. 0.78273308 1.8488E-06 3.0625E-08 1.0626E-05                       0.0000E+00            1.2475E-05                     0.245
   801. 0.82323843 1.5466E-06 3.2066E-08 1.1163E-05                       0.0000E+00            1.2710E-05                     0.195
   802. 0.80423546 1.6652E-06 3.1380E-08 1.0893E-05                       0.0000E+00            1.2558E-05                     0.218
   803. 0.62769663 3.0826E-06 1.9857E-08 8.4919E-06                       0.0000E+00            1.1575E-05                     0.466
   804. 0.58329040 3.3990E-06 1.6367E-08 7.8820E-06                       0.0000E+00            1.1281E-05                     0.539
   805. 0.81041670 1.6063E-06 3.1701E-08 1.0939E-05                       0.0000E+00            1.2545E-05                     0.210
   806. 0.77724481 1.8830E-06 2.9266E-08 1.0479E-05                       0.0000E+00            1.2362E-05                     0.252
   807. 0.82140255 1.5541E-06 3.2169E-08 1.1061E-05                       0.0000E+00            1.2615E-05                     0.197
   808. 0.52217960 3.8387E-06 1.6021E-08 7.0234E-06                       0.0000E+00            1.0862E-05                     0.650
   809. 0.79647321 1.7197E-06 3.1405E-08 1.0700E-05                       0.0000E+00            1.2420E-05                     0.228
   810. 0.84260553 1.3693E-06 3.3093E-08 1.1307E-05                       0.0000E+00            1.2676E-05                     0.171
   811. 0.82826209 1.4570E-06 3.2578E-08 1.1101E-05                       0.0000E+00            1.2558E-05                     0.188
   812. 0.83170801 1.4319E-06 3.2751E-08 1.1134E-05                       0.0000E+00            1.2566E-05                     0.184
   813. 0.83967084 1.3870E-06 3.3137E-08 1.1227E-05                       0.0000E+00            1.2614E-05                     0.175
   814. 0.62258697 3.0849E-06 2.0560E-08 8.3146E-06                       0.0000E+00            1.1400E-05                     0.474
   815. 0.65030330 2.8933E-06 2.1085E-08 8.6743E-06                       0.0000E+00            1.1568E-05                     0.430
   816. 0.83177769 1.4301E-06 3.2952E-08 1.1082E-05                       0.0000E+00            1.2512E-05                     0.184
   817. 0.84237981 1.3432E-06 3.3361E-08 1.1209E-05                       0.0000E+00            1.2553E-05                     0.172
   818. 0.85246384 1.2708E-06 3.3763E-08 1.1330E-05                       0.0000E+00            1.2601E-05                     0.160
   819. 0.84701306 1.3045E-06 3.3606E-08 1.1244E-05                       0.0000E+00            1.2548E-05                     0.166
   820. 0.84936804 1.2861E-06 3.3732E-08 1.1261E-05                       0.0000E+00            1.2547E-05                     0.163
   821. 0.85508871 1.2430E-06 3.3980E-08 1.1323E-05                       0.0000E+00            1.2566E-05                     0.157
   822. 0.85200822 1.2624E-06 3.3911E-08 1.1269E-05                       0.0000E+00            1.2531E-05                     0.160
   823. 0.84905726 1.2861E-06 3.3861E-08 1.1216E-05                       0.0000E+00            1.2502E-05                     0.164
   824. 0.85607332 1.2311E-06 3.4146E-08 1.1294E-05                       0.0000E+00            1.2525E-05                     0.155
   825. 0.72650504 2.2015E-06 2.3841E-08 9.5731E-06                       0.0000E+00            1.1775E-05                     0.320
   826. 0.85254961 1.2561E-06 3.4122E-08 1.1220E-05                       0.0000E+00            1.2476E-05                     0.160
   827. 0.79467052 1.7286E-06 3.1982E-08 1.0445E-05                       0.0000E+00            1.2174E-05                     0.230
   828. 0.61186820 3.0983E-06 2.0652E-08 8.0325E-06                       0.0000E+00            1.1131E-05                     0.491
   829. 0.85571015 1.2217E-06 3.4323E-08 1.1219E-05                       0.0000E+00            1.2441E-05                     0.156
   830. 0.85976422 1.1875E-06 3.4494E-08 1.1258E-05                       0.0000E+00            1.2446E-05                     0.151
   831. 0.86061364 1.1791E-06 3.4525E-08 1.1255E-05                       0.0000E+00            1.2434E-05                     0.150
   832. 0.86314946 1.1568E-06 3.4717E-08 1.1274E-05                       0.0000E+00            1.2431E-05                     0.147
   833. 0.86315197 1.1542E-06 3.4759E-08 1.1260E-05                       0.0000E+00            1.2414E-05                     0.147
   834. 0.86398786 1.1447E-06 3.4827E-08 1.1256E-05                       0.0000E+00            1.2401E-05                     0.146
   835. 0.86268616 1.1535E-06 3.4829E-08 1.1225E-05                       0.0000E+00            1.2379E-05                     0.148
   836. 0.82915556 1.4233E-06 3.3434E-08 1.0775E-05                       0.0000E+00            1.2198E-05                     0.187
   837. 0.86491811 1.1297E-06 3.4981E-08 1.1225E-05                       0.0000E+00            1.2355E-05                     0.145
   838. 0.85845721 1.1782E-06 3.4782E-08 1.1127E-05                       0.0000E+00            1.2305E-05                     0.153
   839. 0.85949391 1.1680E-06 3.4888E-08 1.1126E-05                       0.0000E+00            1.2294E-05                     0.151
   840. 0.60564661 3.1022E-06 2.0755E-08 7.8299E-06                       0.0000E+00            1.0932E-05                     0.501
   841. 0.85531873 1.1943E-06 3.4832E-08 1.1043E-05                       0.0000E+00            1.2238E-05                     0.156
   842. 0.79204535 1.6651E-06 3.1357E-08 1.0213E-05                       0.0000E+00            1.1878E-05                     0.233
   843. 0.86361963 1.1165E-06 3.5170E-08 1.1121E-05                       0.0000E+00            1.2238E-05                     0.147
   844. 0.86433899 1.1051E-06 3.5228E-08 1.1116E-05                       0.0000E+00            1.2221E-05                     0.146
   845. 0.86404061 1.1023E-06 3.5254E-08 1.1098E-05                       0.0000E+00            1.2200E-05                     0.146
   846. 0.86063081 1.1250E-06 3.5182E-08 1.1039E-05                       0.0000E+00            1.2164E-05                     0.150
   847. 0.86272854 1.1050E-06 3.5269E-08 1.1051E-05                       0.0000E+00            1.2156E-05                     0.148
   848. 0.86301935 1.1022E-06 3.5340E-08 1.1041E-05                       0.0000E+00            1.2143E-05                     0.147
   849. 0.84451342 1.2470E-06 3.4734E-08 1.0789E-05                       0.0000E+00            1.2036E-05                     0.169
   850. 0.65512395 2.5819E-06 1.9252E-08 8.3586E-06                       0.0000E+00            1.0940E-05                     0.423
   851. 0.85183448 1.1854E-06 3.5094E-08 1.0854E-05                       0.0000E+00            1.2039E-05                     0.160
   852. 0.50491166 3.6326E-06 1.4518E-08 6.4248E-06                       0.0000E+00            1.0057E-05                     0.683
   853. 0.65135485 2.6962E-06 2.2198E-08 8.2771E-06                       0.0000E+00            1.0973E-05                     0.429
   854. 0.83999866 1.2840E-06 3.4805E-08 1.0660E-05                       0.0000E+00            1.1944E-05                     0.174
   855. 0.65233225 2.6432E-06 2.0741E-08 8.2671E-06                       0.0000E+00            1.0910E-05                     0.427
   856. 0.86934972 1.0497E-06 3.5882E-08 1.1002E-05                       0.0000E+00            1.2052E-05                     0.140
   857. 0.87381935 1.0128E-06 3.6066E-08 1.1044E-05                       0.0000E+00            1.2057E-05                     0.135
   858. 0.87491131 1.0020E-06 3.6140E-08 1.1043E-05                       0.0000E+00            1.2045E-05                     0.134
   859. 0.85135794 1.1815E-06 3.4188E-08 1.0731E-05                       0.0000E+00            1.1912E-05                     0.161
   860. 0.86504471 1.0736E-06 3.5760E-08 1.0888E-05                       0.0000E+00            1.1962E-05                     0.145
   861. 0.87698239 9.7899E-07 3.6321E-08 1.1023E-05                       0.0000E+00            1.2002E-05                     0.131
   862. 0.87682545 9.7688E-07 3.6311E-08 1.1006E-05                       0.0000E+00            1.1983E-05                     0.131
   863. 0.87745076 9.6842E-07 3.6407E-08 1.0999E-05                       0.0000E+00            1.1967E-05                     0.131
   864. 0.87463337 9.8321E-07 3.6320E-08 1.0948E-05                       0.0000E+00            1.1931E-05                     0.134
   865. 0.71273929 2.1772E-06 2.5682E-08 8.9094E-06                       0.0000E+00            1.1087E-05                     0.339
   866. 0.86887783 1.0268E-06 3.6217E-08 1.0846E-05                       0.0000E+00            1.1873E-05                     0.141
   867. 0.87707263 9.5903E-07 3.6509E-08 1.0933E-05                       0.0000E+00            1.1892E-05                     0.131
   868. 0.87795758 9.4933E-07 3.6595E-08 1.0929E-05                       0.0000E+00            1.1878E-05                     0.130
   869. 0.87754506 9.4531E-07 3.6610E-08 1.0908E-05                       0.0000E+00            1.1853E-05                     0.131
   870. 0.87701637 9.5289E-07 3.6635E-08 1.0886E-05                       0.0000E+00            1.1839E-05                     0.131
   871. 0.70684713 2.1137E-06 2.1275E-08 8.7616E-06                       0.0000E+00            1.0875E-05                     0.347
   872. 0.86843634 1.0125E-06 3.6393E-08 1.0749E-05                       0.0000E+00            1.1762E-05                     0.141
   873. 0.87914550 9.2843E-07 3.6787E-08 1.0866E-05                       0.0000E+00            1.1795E-05                     0.129
   874. 0.88087046 9.1601E-07 3.6876E-08 1.0872E-05                       0.0000E+00            1.1788E-05                     0.127
   875. 0.88151246 9.0965E-07 3.6926E-08 1.0865E-05                       0.0000E+00            1.1774E-05                     0.126
   876. 0.87608773 9.4741E-07 3.6735E-08 1.0782E-05                       0.0000E+00            1.1730E-05                     0.132
   877. 0.88118821 9.0655E-07 3.6966E-08 1.0830E-05                       0.0000E+00            1.1736E-05                     0.126
   878. 0.86979294 9.8477E-07 3.6563E-08 1.0674E-05                       0.0000E+00            1.1659E-05                     0.140
   879. 0.74251842 1.8420E-06 2.7166E-08 9.0991E-06                       0.0000E+00            1.0941E-05                     0.298
   880. 0.88083678 9.0781E-07 3.7041E-08 1.0779E-05                       0.0000E+00            1.1686E-05                     0.127
   881. 0.82238120 1.3111E-06 3.3217E-08 1.0049E-05                       0.0000E+00            1.1360E-05                     0.196
   882. 0.88027966 8.9830E-07 3.7058E-08 1.0741E-05                       0.0000E+00            1.1639E-05                     0.128
   883. 0.85424793 1.0850E-06 3.5721E-08 1.0408E-05                       0.0000E+00            1.1493E-05                     0.158
   884. 0.75209928 1.7864E-06 2.6395E-08 9.1499E-06                       0.0000E+00            1.0936E-05                     0.285
   885. 0.87805563 8.9779E-07 3.7017E-08 1.0667E-05                       0.0000E+00            1.1564E-05                     0.130
   886. 0.87896460 8.9810E-07 3.7112E-08 1.0662E-05                       0.0000E+00            1.1560E-05                     0.129
   887. 0.67655921 2.2144E-06 1.9930E-08 8.1948E-06                       0.0000E+00            1.0409E-05                     0.391
   888. 0.86603802 9.8490E-07 3.6708E-08 1.0474E-05                       0.0000E+00            1.1459E-05                     0.144
   889. 0.81363332 1.3525E-06 3.2168E-08 9.8260E-06                       0.0000E+00            1.1179E-05                     0.206
   890. 0.85130608 1.0903E-06 3.5859E-08 1.0266E-05                       0.0000E+00            1.1356E-05                     0.161
   891. 0.84531969 1.1232E-06 3.4673E-08 1.0179E-05                       0.0000E+00            1.1302E-05                     0.168
   892. 0.88310266 8.5194E-07 3.7390E-08 1.0618E-05                       0.0000E+00            1.1470E-05                     0.124
   893. 0.88629508 8.3265E-07 3.7530E-08 1.0640E-05                       0.0000E+00            1.1473E-05                     0.121
   894. 0.88738304 8.2271E-07 3.7590E-08 1.0637E-05                       0.0000E+00            1.1460E-05                     0.119
   895. 0.88646573 8.2374E-07 3.7575E-08 1.0610E-05                       0.0000E+00            1.1434E-05                     0.121
   896. 0.87952721 8.4820E-07 3.7319E-08 1.0512E-05                       0.0000E+00            1.1360E-05                     0.128
   897. 0.88304561 8.5840E-07 3.7501E-08 1.0538E-05                       0.0000E+00            1.1396E-05                     0.124
   898. 0.87076271 9.4324E-07 3.6921E-08 1.0376E-05                       0.0000E+00            1.1319E-05                     0.138
   899. 0.88994956 8.0371E-07 3.7762E-08 1.0588E-05                       0.0000E+00            1.1392E-05                     0.117
   900. 0.89084810 7.9696E-07 3.7818E-08 1.0583E-05                       0.0000E+00            1.1380E-05                     0.116
   901. 0.89213467 7.8934E-07 3.7931E-08 1.0582E-05                       0.0000E+00            1.1371E-05                     0.114
   902. 0.89039719 7.9779E-07 3.7826E-08 1.0545E-05                       0.0000E+00            1.1343E-05                     0.116
   903. 0.89122021 7.9294E-07 3.7918E-08 1.0539E-05                       0.0000E+00            1.1332E-05                     0.115
   904. 0.89258701 7.7971E-07 3.7965E-08 1.0539E-05                       0.0000E+00            1.1319E-05                     0.114
   905. 0.88496572 8.3033E-07 3.7690E-08 1.0433E-05                       0.0000E+00            1.1263E-05                     0.122
   906. 0.84600013 1.1033E-06 3.3232E-08 9.9585E-06                       0.0000E+00            1.1062E-05                     0.167
   907. 0.88127315 8.5281E-07 3.7496E-08 1.0358E-05                       0.0000E+00            1.1211E-05                     0.126
   908. 0.87990201 8.6033E-07 3.7589E-08 1.0326E-05                       0.0000E+00            1.1186E-05                     0.128
   909. 0.68963623 2.0679E-06 2.0816E-08 8.0804E-06                       0.0000E+00            1.0148E-05                     0.372
   910. 0.87134457 9.1476E-07 3.7277E-08 1.0194E-05                       0.0000E+00            1.1108E-05                     0.138
   911. 0.88507080 8.1773E-07 3.7742E-08 1.0338E-05                       0.0000E+00            1.1156E-05                     0.122
   912. 0.89000469 7.7948E-07 3.7833E-08 1.0380E-05                       0.0000E+00            1.1159E-05                     0.117
   913. 0.89176053 7.6672E-07 3.7916E-08 1.0384E-05                       0.0000E+00            1.1151E-05                     0.115
   914. 0.86112899 9.7719E-07 3.6060E-08 1.0012E-05                       0.0000E+00            1.0989E-05                     0.150
   915. 0.89149767 7.6578E-07 3.7800E-08 1.0349E-05                       0.0000E+00            1.1114E-05                     0.115
   916. 0.89358145 7.5065E-07 3.7797E-08 1.0357E-05                       0.0000E+00            1.1107E-05                     0.113
   917. 0.89212728 7.5882E-07 3.7733E-08 1.0323E-05                       0.0000E+00            1.1082E-05                     0.114
   918. 0.85505700 1.0156E-06 3.5707E-08 9.8789E-06                       0.0000E+00            1.0895E-05                     0.157
   919. 0.89130485 7.6363E-07 3.7625E-08 1.0281E-05                       0.0000E+00            1.1045E-05                     0.115
   920. 0.89354205 7.4757E-07 3.7639E-08 1.0291E-05                       0.0000E+00            1.1039E-05                     0.113
   921. 0.86452508 9.3925E-07 3.6236E-08 9.9411E-06                       0.0000E+00            1.0880E-05                     0.146
   922. 0.74067122 1.7161E-06 2.3835E-08 8.5034E-06                       0.0000E+00            1.0219E-05                     0.300
   923. 0.88103485 8.1120E-07 3.7023E-08 1.0099E-05                       0.0000E+00            1.0910E-05                     0.127
   924. 0.89455110 7.4252E-07 3.7542E-08 1.0237E-05                       0.0000E+00            1.0980E-05                     0.111
   925. 0.73172092 1.7578E-06 2.4608E-08 8.3606E-06                       0.0000E+00            1.0118E-05                     0.312
   926. 0.89382875 7.3878E-07 3.7416E-08 1.0196E-05                       0.0000E+00            1.0935E-05                     0.112
   927. 0.89063430 7.5049E-07 3.7241E-08 1.0144E-05                       0.0000E+00            1.0894E-05                     0.116
   928. 0.89776361 7.0778E-07 3.7453E-08 1.0209E-05                       0.0000E+00            1.0916E-05                     0.108
   929. 0.87251121 8.6651E-07 3.6447E-08 9.9054E-06                       0.0000E+00            1.0772E-05                     0.136
   930. 0.89785218 7.0382E-07 3.7360E-08 1.0177E-05                       0.0000E+00            1.0881E-05                     0.108
   931. 0.88800633 7.5705E-07 3.6846E-08 1.0049E-05                       0.0000E+00            1.0806E-05                     0.119
   932. 0.89814156 7.0287E-07 3.7208E-08 1.0147E-05                       0.0000E+00            1.0850E-05                     0.107
   933. 0.88968670 7.4477E-07 3.6872E-08 1.0035E-05                       0.0000E+00            1.0780E-05                     0.117
   934. 0.90351677 6.6925E-07 3.7322E-08 1.0175E-05                       0.0000E+00            1.0844E-05                     0.101
   935. 0.88803124 7.5192E-07 3.6706E-08 9.9841E-06                       0.0000E+00            1.0736E-05                     0.119
   936. 0.90497243 6.5985E-07 3.7273E-08 1.0158E-05                       0.0000E+00            1.0818E-05                     0.100
   937. 0.88435525 7.7090E-07 3.6441E-08 9.9103E-06                       0.0000E+00            1.0681E-05                     0.123
   938. 0.90619260 6.5087E-07 3.7224E-08 1.0138E-05                       0.0000E+00            1.0789E-05                     0.099
   939. 0.88607669 7.5232E-07 3.6381E-08 9.8971E-06                       0.0000E+00            1.0649E-05                     0.121
   940. 0.90606654 6.4868E-07 3.7097E-08 1.0104E-05                       0.0000E+00            1.0752E-05                     0.099
   941. 0.86061883 9.1181E-07 3.5141E-08 9.5811E-06                       0.0000E+00            1.0493E-05                     0.150
   942. 0.88105512 7.7049E-07 3.5974E-08 9.7925E-06                       0.0000E+00            1.0563E-05                     0.127
   943. 0.90782082 6.3227E-07 3.7051E-08 1.0073E-05                       0.0000E+00            1.0706E-05                     0.097
   944. 0.87469786 8.0502E-07 3.5554E-08 9.6897E-06                       0.0000E+00            1.0495E-05                     0.134
   945. 0.88497251 7.7939E-07 3.5924E-08 9.7873E-06                       0.0000E+00            1.0567E-05                     0.122
   946. 0.87698817 7.8263E-07 3.5556E-08 9.6828E-06                       0.0000E+00            1.0465E-05                     0.131
   947. 0.89129215 7.3053E-07 3.6202E-08 9.8244E-06                       0.0000E+00            1.0555E-05                     0.115
   948. 0.71686542 1.7134E-06 2.0849E-08 7.8886E-06                       0.0000E+00            9.6020E-06                     0.333
   949. 0.87007856 8.1943E-07 3.5299E-08 9.5586E-06                       0.0000E+00            1.0378E-05                     0.139
   950. 0.91037732 6.0639E-07 3.6945E-08 9.9845E-06                       0.0000E+00            1.0591E-05                     0.094
   951. 0.88057178 7.4888E-07 3.5581E-08 9.6414E-06                       0.0000E+00            1.0390E-05                     0.127
   952. 0.91164470 5.9580E-07 3.6935E-08 9.9649E-06                       0.0000E+00            1.0561E-05                     0.093
   953. 0.82386124 1.1033E-06 3.1173E-08 8.9902E-06                       0.0000E+00            1.0094E-05                     0.194
   954. 0.90274990 6.5004E-07 3.6573E-08 9.8344E-06                       0.0000E+00            1.0484E-05                     0.102
   955. 0.81437951 1.1467E-06 2.9894E-08 8.8568E-06                       0.0000E+00            1.0003E-05                     0.205
   956. 0.86593920 8.4860E-07 3.4708E-08 9.4015E-06                       0.0000E+00            1.0250E-05                     0.144
   957. 0.91447389 5.7115E-07 3.6891E-08 9.9117E-06                       0.0000E+00            1.0483E-05                     0.089
   958. 0.90130216 6.3126E-07 3.6326E-08 9.7523E-06                       0.0000E+00            1.0384E-05                     0.104
   959. 0.89280069 6.9557E-07 3.5891E-08 9.6439E-06                       0.0000E+00            1.0339E-05                     0.113
   960. 0.89256364 7.0373E-07 3.5945E-08 9.6249E-06                       0.0000E+00            1.0329E-05                     0.114
   961. 0.91339821 5.7250E-07 3.6744E-08 9.8327E-06                       0.0000E+00            1.0405E-05                     0.091
   962. 0.90872037 5.9458E-07 3.6484E-08 9.7656E-06                       0.0000E+00            1.0360E-05                     0.096
   963. 0.90635228 5.9632E-07 3.6382E-08 9.7235E-06                       0.0000E+00            1.0320E-05                     0.098
   964. 0.91629004 5.4800E-07 3.6746E-08 9.8132E-06                       0.0000E+00            1.0361E-05                     0.087
   965. 0.89857048 6.3063E-07 3.5894E-08 9.6069E-06                       0.0000E+00            1.0238E-05                     0.107
   966. 0.87451220 7.6826E-07 3.4924E-08 9.3336E-06                       0.0000E+00            1.0102E-05                     0.134
   967. 0.87865466 7.7090E-07 3.4093E-08 9.3616E-06                       0.0000E+00            1.0133E-05                     0.129
   968. 0.88860297 6.7133E-07 3.5344E-08 9.4513E-06                       0.0000E+00            1.0123E-05                     0.118
   969. 0.88596439 6.7811E-07 3.5145E-08 9.4069E-06                       0.0000E+00            1.0085E-05                     0.121
   970. 0.91219640 5.5857E-07 3.6396E-08 9.6686E-06                       0.0000E+00            1.0227E-05                     0.092
   971. 0.81909013 1.0737E-06 3.1898E-08 8.6667E-06                       0.0000E+00            9.7404E-06                     0.200
   972. 0.85348475 8.6532E-07 3.3755E-08 9.0149E-06                       0.0000E+00            9.8802E-06                     0.158
   973. 0.83252144 9.8096E-07 3.0968E-08 8.7781E-06                       0.0000E+00            9.7591E-06                     0.183
   974. 0.85419708 8.8951E-07 3.1849E-08 8.9909E-06                       0.0000E+00            9.8804E-06                     0.158
   975. 0.88112283 6.8859E-07 3.4769E-08 9.2581E-06                       0.0000E+00            9.9467E-06                     0.127
   976. 0.79796380 1.1717E-06 2.9389E-08 8.3697E-06                       0.0000E+00            9.5414E-06                     0.226
   977. 0.83909196 9.3729E-07 3.2645E-08 8.7856E-06                       0.0000E+00            9.7229E-06                     0.175
   978. 0.88551486 6.5943E-07 3.4963E-08 9.2554E-06                       0.0000E+00            9.9148E-06                     0.122
   979. 0.90692037 5.4875E-07 3.5891E-08 9.4624E-06                       0.0000E+00            1.0011E-05                     0.098
   980. 0.89184266 6.1619E-07 3.5148E-08 9.2887E-06                       0.0000E+00            9.9049E-06                     0.114
   981. 0.88412142 6.5413E-07 3.4894E-08 9.1920E-06                       0.0000E+00            9.8461E-06                     0.123
   982. 0.88617826 6.3254E-07 3.4943E-08 9.1971E-06                       0.0000E+00            9.8296E-06                     0.121
   983. 0.89331168 5.8853E-07 3.5201E-08 9.2547E-06                       0.0000E+00            9.8432E-06                     0.113
   984. 0.87520820 7.0144E-07 3.4384E-08 9.0510E-06                       0.0000E+00            9.7525E-06                     0.133
   985. 0.88857293 5.8725E-07 3.4969E-08 9.1729E-06                       0.0000E+00            9.7601E-06                     0.118
   986. 0.89684510 5.4426E-07 3.5237E-08 9.2418E-06                       0.0000E+00            9.7861E-06                     0.109
   987. 0.88425159 5.8646E-07 3.4756E-08 9.0958E-06                       0.0000E+00            9.6822E-06                     0.123
   988. 0.89046443 5.6363E-07 3.4954E-08 9.1433E-06                       0.0000E+00            9.7070E-06                     0.116
   989. 0.86844635 6.1757E-07 3.4137E-08 8.9013E-06                       0.0000E+00            9.5188E-06                     0.141
   990. 0.86809939 6.2708E-07 3.4091E-08 8.8818E-06                       0.0000E+00            9.5089E-06                     0.141
   991. 0.88541639 5.6349E-07 3.4627E-08 9.0427E-06                       0.0000E+00            9.6062E-06                     0.122
   992. 0.84525955 6.6558E-07 3.3175E-08 8.6170E-06                       0.0000E+00            9.2826E-06                     0.168
   993. 0.85114527 6.4490E-07 3.3390E-08 8.6614E-06                       0.0000E+00            9.3063E-06                     0.161
   994. 0.83507103 6.8838E-07 3.2781E-08 8.4825E-06                       0.0000E+00            9.1709E-06                     0.180
   995. 0.84977639 6.4806E-07 3.3281E-08 8.6163E-06                       0.0000E+00            9.2643E-06                     0.163
   996. 0.81929302 7.1717E-07 3.2195E-08 8.2922E-06                       0.0000E+00            9.0093E-06                     0.199
   997. 0.80027252 7.6504E-07 3.1549E-08 8.0850E-06                       0.0000E+00            8.8500E-06                     0.223
   998. 0.77349132 8.3300E-07 3.0501E-08 7.8002E-06                       0.0000E+00            8.6332E-06                     0.257
   999. 0.77410728 9.3673E-07 2.9959E-08 7.7922E-06                       0.0000E+00            8.7290E-06                     0.256
  1000. 0.71919364 1.0749E-06 2.7686E-08 7.2263E-06                       0.0000E+00            8.3012E-06                     0.330
  1001. 0.75428921 8.8071E-07 2.9724E-08 7.5651E-06                       0.0000E+00            8.4458E-06                     0.282
  1002. 0.70410424 9.8613E-07 2.7911E-08 7.0489E-06                       0.0000E+00            8.0350E-06                     0.351
  1003. 0.72693330 9.2748E-07 2.8633E-08 7.2641E-06                       0.0000E+00            8.1916E-06                     0.319
  1004. 0.66692978 1.2055E-06 2.5901E-08 6.6523E-06                       0.0000E+00            7.8578E-06                     0.405
  1005. 0.65599954 1.0894E-06 2.5918E-08 6.5313E-06                       0.0000E+00            7.6207E-06                     0.422
  1006. 0.66186792 1.0696E-06 2.6071E-08 6.5776E-06                       0.0000E+00            7.6472E-06                     0.413
  1007. 0.60239965 1.2251E-06 2.3760E-08 5.9756E-06                       0.0000E+00            7.2007E-06                     0.507
  1008. 0.61746758 1.1673E-06 2.4268E-08 6.1138E-06                       0.0000E+00            7.2811E-06                     0.482
  1009. 0.67049694 1.0355E-06 2.6173E-08 6.6266E-06                       0.0000E+00            7.6621E-06                     0.400
  1010. 0.49799255 1.6019E-06 1.7900E-08 4.9126E-06                       0.0000E+00            6.5145E-06                     0.697
  1011. 0.52884924 1.5088E-06 1.9394E-08 5.2073E-06                       0.0000E+00            6.7162E-06                     0.637
  1012. 0.52125239 1.3825E-06 2.0372E-08 5.1230E-06                       0.0000E+00            6.5055E-06                     0.652
  1013. 0.55385041 1.2927E-06 2.1465E-08 5.4333E-06                       0.0000E+00            6.7260E-06                     0.591
  1014. 0.39162731 1.9087E-06 1.1525E-08 3.8347E-06                       0.0000E+00            5.7434E-06                     0.937
  1015. 0.50117451 1.4278E-06 1.9370E-08 4.8983E-06                       0.0000E+00            6.3260E-06                     0.691
  1016. 0.49553156 1.4084E-06 1.9129E-08 4.8341E-06                       0.0000E+00            6.2425E-06                     0.702
  1017. 0.45195064 1.5572E-06 1.6997E-08 4.4007E-06                       0.0000E+00            5.9579E-06                     0.794
  1018. 0.38558307 1.8041E-06 1.3943E-08 3.7474E-06                       0.0000E+00            5.5516E-06                     0.953
  1019. 0.39495707 1.6252E-06 1.5113E-08 3.8314E-06                       0.0000E+00            5.4566E-06                     0.929
  1020. 0.43955952 1.5207E-06 1.6731E-08 4.2560E-06                       0.0000E+00            5.7767E-06                     0.822
  1021. 0.37328258 1.6573E-06 1.4148E-08 3.6075E-06                       0.0000E+00            5.2648E-06                     0.985
  1022. 0.40501693 1.5860E-06 1.5349E-08 3.9068E-06                       0.0000E+00            5.4928E-06                     0.904
  1023. 0.34712809 1.7021E-06 1.3051E-08 3.3421E-06                       0.0000E+00            5.0443E-06                     1.058
  1024. 0.39677429 1.5779E-06 1.4797E-08 3.8129E-06                       0.0000E+00            5.3908E-06                     0.924
  1025. 0.33759528 1.7071E-06 1.2602E-08 3.2381E-06                       0.0000E+00            4.9452E-06                     1.086
  1026. 0.42832050 1.4852E-06 1.5937E-08 4.1005E-06                       0.0000E+00            5.5858E-06                     0.848
  1027. 0.34850961 1.6634E-06 1.2965E-08 3.3301E-06                       0.0000E+00            4.9935E-06                     1.054
  1028. 0.34933752 1.7944E-06 1.2241E-08 3.3317E-06                       0.0000E+00            5.1261E-06                     1.052
  1029. 0.30811936 1.8838E-06 1.0475E-08 2.9330E-06                       0.0000E+00            4.8168E-06                     1.177
  1030. 0.32732153 1.7441E-06 1.2262E-08 3.1099E-06                       0.0000E+00            4.8539E-06                     1.117
  1031. 0.34317502 1.6976E-06 1.2535E-08 3.2543E-06                       0.0000E+00            4.9519E-06                     1.070
  1032. 0.38767335 1.5732E-06 1.4071E-08 3.6692E-06                       0.0000E+00            5.2424E-06                     0.948
  1033. 0.32754293 1.7031E-06 1.1841E-08 3.0942E-06                       0.0000E+00            4.7973E-06                     1.116
  1034. 0.39620113 1.5151E-06 1.4111E-08 3.7356E-06                       0.0000E+00            5.2507E-06                     0.926
  1035. 0.29437006 1.7687E-06 1.0673E-08 2.7702E-06                       0.0000E+00            4.5389E-06                     1.223
  1036. 0.33877546 1.6427E-06 1.2192E-08 3.1819E-06                       0.0000E+00            4.8247E-06                     1.082
  1037. 0.29968917 1.7419E-06 1.0833E-08 2.8094E-06                       0.0000E+00            4.5514E-06                     1.205
  1038. 0.31511936 1.7013E-06 1.1383E-08 2.9484E-06                       0.0000E+00            4.6497E-06                     1.155
  1039. 0.22725458 1.9380E-06 8.1303E-09 2.1222E-06                       0.0000E+00            4.0602E-06                     1.482
  1040. 0.25494254 1.8160E-06 9.1688E-09 2.3762E-06                       0.0000E+00            4.1921E-06                     1.367
  1041. 0.27469012 1.7516E-06 9.6489E-09 2.5553E-06                       0.0000E+00            4.3069E-06                     1.292
  1042. 0.46334684 1.3023E-06 1.5877E-08 4.3019E-06                       0.0000E+00            5.6042E-06                     0.769
  1043. 0.74092698 8.9509E-07 2.4421E-08 6.8657E-06                       0.0000E+00            7.7608E-06                     0.300
  1044. 0.75843984 6.9308E-07 2.6320E-08 7.0144E-06                       0.0000E+00            7.7075E-06                     0.276
  1045. 0.52038908 1.2131E-06 1.7378E-08 4.8034E-06                       0.0000E+00            6.0165E-06                     0.653
  1046. 0.44560912 1.3354E-06 1.5245E-08 4.1052E-06                       0.0000E+00            5.4406E-06                     0.808
  1047. 0.37486497 1.5192E-06 1.2818E-08 3.4467E-06                       0.0000E+00            4.9659E-06                     0.981
  1048. 0.29734886 1.6528E-06 1.0380E-08 2.7287E-06                       0.0000E+00            4.3814E-06                     1.213
  1049. 0.24441850 1.8395E-06 8.2114E-09 2.2386E-06                       0.0000E+00            4.0780E-06                     1.409
  1050. 0.31463775 1.6556E-06 1.0798E-08 2.8761E-06                       0.0000E+00            4.5317E-06                     1.156
  1051. 0.23408145 1.8312E-06 8.9634E-09 2.1355E-06                       0.0000E+00            3.9667E-06                     1.452
  1052. 0.21515343 1.8343E-06 7.1049E-09 1.9590E-06                       0.0000E+00            3.7933E-06                     1.536
  1053. 0.30991608 1.6079E-06 1.1400E-08 2.8163E-06                       0.0000E+00            4.4241E-06                     1.171
  1054. 0.21173403 1.8361E-06 7.0244E-09 1.9203E-06                       0.0000E+00            3.7564E-06                     1.552
  1055. 0.23354746 1.7698E-06 8.8710E-09 2.1140E-06                       0.0000E+00            3.8838E-06                     1.454
  1056. 0.21079843 1.8848E-06 7.0184E-09 1.9043E-06                       0.0000E+00            3.7891E-06                     1.557
  1057. 0.26904738 1.7143E-06 9.1193E-09 2.4257E-06                       0.0000E+00            4.1400E-06                     1.313
  1058. 0.29524943 1.6439E-06 1.0362E-08 2.6567E-06                       0.0000E+00            4.3006E-06                     1.220
  1059. 0.30692741 1.6562E-06 1.0495E-08 2.7563E-06                       0.0000E+00            4.4125E-06                     1.181
  1060. 0.32666939 1.6738E-06 1.0262E-08 2.9278E-06                       0.0000E+00            4.6016E-06                     1.119
  1061. 0.38872108 1.4688E-06 1.3436E-08 3.4770E-06                       0.0000E+00            4.9458E-06                     0.945
  1062. 0.40436009 1.4472E-06 1.4086E-08 3.6097E-06                       0.0000E+00            5.0569E-06                     0.905
  1063. 0.39042217 1.5660E-06 1.2674E-08 3.4783E-06                       0.0000E+00            5.0443E-06                     0.941
  1064. 0.55771041 1.1179E-06 1.9327E-08 4.9588E-06                       0.0000E+00            6.0768E-06                     0.584
  1065. 0.62444520 9.9998E-07 2.1422E-08 5.5411E-06                       0.0000E+00            6.5411E-06                     0.471
  1066. 0.40973943 2.0021E-06 9.0805E-09 3.6287E-06                       0.0000E+00            5.6307E-06                     0.892
  1067. 0.72709775 8.3087E-07 2.4302E-08 6.4263E-06                       0.0000E+00            7.2572E-06                     0.319
  1068. 0.76714504 7.1174E-07 2.5294E-08 6.7667E-06                       0.0000E+00            7.4784E-06                     0.265
  1069. 0.77797258 6.8761E-07 2.5224E-08 6.8485E-06                       0.0000E+00            7.5361E-06                     0.251
  1070. 0.84156013 5.7426E-07 2.6921E-08 7.3934E-06                       0.0000E+00            7.9676E-06                     0.172
  1071. 0.89088917 4.1257E-07 2.8758E-08 7.8110E-06                       0.0000E+00            8.2236E-06                     0.116
  1072. 0.85973173 5.5485E-07 2.7138E-08 7.5227E-06                       0.0000E+00            8.0775E-06                     0.151
  1073. 0.81073296 7.8809E-07 2.5301E-08 7.0797E-06                       0.0000E+00            7.8678E-06                     0.210
  1074. 0.69660515 1.3280E-06 1.6478E-08 6.0708E-06                       0.0000E+00            7.3987E-06                     0.362
  1075. 0.80867499 6.9593E-07 2.5403E-08 7.0332E-06                       0.0000E+00            7.7292E-06                     0.212
  1076. 0.82810444 7.0124E-07 2.5256E-08 7.1877E-06                       0.0000E+00            7.8889E-06                     0.189
  1077. 0.85968846 5.4731E-07 2.6548E-08 7.4467E-06                       0.0000E+00            7.9940E-06                     0.151
  1078. 0.91218340 3.6531E-07 2.8632E-08 7.8854E-06                       0.0000E+00            8.2508E-06                     0.092
  1079. 0.86744654 5.2005E-07 2.6610E-08 7.4835E-06                       0.0000E+00            8.0036E-06                     0.142
  1080. 0.86251032 5.2752E-07 2.6601E-08 7.4258E-06                       0.0000E+00            7.9533E-06                     0.148
  1081. 0.82971835 6.1136E-07 2.5358E-08 7.1290E-06                       0.0000E+00            7.7403E-06                     0.187
  1082. 0.87148225 4.9489E-07 2.6798E-08 7.4726E-06                       0.0000E+00            7.9675E-06                     0.138
  1083. 0.88400495 4.5797E-07 2.7052E-08 7.5645E-06                       0.0000E+00            8.0225E-06                     0.123
  1084. 0.90822101 3.6440E-07 2.7759E-08 7.7559E-06                       0.0000E+00            8.1203E-06                     0.096
  1085. 0.83659846 6.8223E-07 2.5139E-08 7.1297E-06                       0.0000E+00            7.8119E-06                     0.178
  1086. 0.87964171 4.5569E-07 2.6883E-08 7.4812E-06                       0.0000E+00            7.9368E-06                     0.128
  1087. 0.88805252 4.1919E-07 2.7151E-08 7.5372E-06                       0.0000E+00            7.9564E-06                     0.119
  1088. 0.87061530 4.8982E-07 2.6471E-08 7.3741E-06                       0.0000E+00            7.8639E-06                     0.139
  1089. 0.90156156 3.8308E-07 2.7640E-08 7.6205E-06                       0.0000E+00            8.0036E-06                     0.104
  1090. 0.89276677 4.0489E-07 2.7432E-08 7.5307E-06                       0.0000E+00            7.9356E-06                     0.113
  1091. 0.67267013 1.3746E-06 1.5333E-08 5.6625E-06                       0.0000E+00            7.0371E-06                     0.397
  1092. 0.89492512 4.2685E-07 2.7687E-08 7.5179E-06                       0.0000E+00            7.9447E-06                     0.111
  1093. 0.90341163 3.6114E-07 2.7958E-08 7.5735E-06                       0.0000E+00            7.9347E-06                     0.102
  1094. 0.90710694 3.5028E-07 2.8047E-08 7.5888E-06                       0.0000E+00            7.9391E-06                     0.097
  1095. 0.89918125 3.5666E-07 2.7947E-08 7.5070E-06                       0.0000E+00            7.8636E-06                     0.106
  1096. 0.91956478 3.2175E-07 2.8645E-08 7.6613E-06                       0.0000E+00            7.9830E-06                     0.084
  1097. 0.91793680 3.2527E-07 2.8676E-08 7.6319E-06                       0.0000E+00            7.9571E-06                     0.086
  1098. 0.90973604 3.4049E-07 2.8556E-08 7.5480E-06                       0.0000E+00            7.8885E-06                     0.095
  1099. 0.88467723 4.5417E-07 2.7867E-08 7.3248E-06                       0.0000E+00            7.7790E-06                     0.123
  1100. 0.69804221 1.2214E-06 1.6682E-08 5.7676E-06                       0.0000E+00            6.9890E-06                     0.359
  1101. 0.65799975 1.3768E-06 1.4732E-08 5.4254E-06                       0.0000E+00            6.8021E-06                     0.419
  1102. 0.86766928 4.9863E-07 2.7604E-08 7.1393E-06                       0.0000E+00            7.6379E-06                     0.142
  1103. 0.90738171 3.7068E-07 2.8931E-08 7.4505E-06                       0.0000E+00            7.8212E-06                     0.097
  1104. 0.91454589 3.2727E-07 2.9182E-08 7.4936E-06                       0.0000E+00            7.8209E-06                     0.089
  1105. 0.90951902 3.4311E-07 2.9120E-08 7.4369E-06                       0.0000E+00            7.7800E-06                     0.095
  1106. 0.87219846 5.3014E-07 2.8028E-08 7.1168E-06                       0.0000E+00            7.6469E-06                     0.137
  1107. 0.57423985 1.6568E-06 1.2428E-08 4.6758E-06                       0.0000E+00            6.3326E-06                     0.555
  1108. 0.90246987 3.8384E-07 2.9150E-08 7.3330E-06                       0.0000E+00            7.7168E-06                     0.103
  1109. 0.91282946 3.3130E-07 2.9420E-08 7.4016E-06                       0.0000E+00            7.7329E-06                     0.091
  1110. 0.90728223 3.7807E-07 2.9295E-08 7.3411E-06                       0.0000E+00            7.7192E-06                     0.097
  1111. 0.85157937 5.5913E-07 2.7585E-08 6.8759E-06                       0.0000E+00            7.4351E-06                     0.161
 -9999.
