TM  2    2    1    1    2    2    2    2    2    2    1    0    1 300.7780.00   
    1    1    1    0    0    0  30.00000   0.00000   0.00000   0.00000   3.19800
 -99.000 -99.000 -99.000 -99
 -99.00000 -99.00000 -99.00000  1.337000  0.000691 ! H2O & O3 COLUMNS [GM/CM2]
   36MIDLATITUDE SUMMER  
 100.00000   3.19800 180.00000  96.80200   0.000006371.22998    0
  -99  -99  -99  -99
 -99.00000 -99.00000 -99.00000 -99.00000 -99.00000 -99.00000 -99.00000 -99.00000
       714      1111         1         1
    0
 -9999.
