TM  2    2    2    1    2    2    2    2    2    2    1    0    1 288.591-99.00 
    1    1    1    0    0    0  30.00000   0.00000   0.00000   0.00000   1.26000
 -99.000 -99.000 -99.000 -99
 -99.00000 -99.00000 -99.00000  1.548654  0.000703 ! H2O & O3 COLUMNS [GM/CM2]
   36MIDLATITUDE SUMMER  
 100.00000   1.26000 180.00000  98.74000   0.000006371.22998    0
    1    2  224    0
  40.10000 -94.40000  14.80581  13.33492  12.95800   0.00000   0.00000   0.00000
     10000     25000         1         1
    0
 -9999.
