400	0.0000 	0.0000 	0.0000 	0.0000 	0.0000 
401	0.0000 	0.0000 	0.0000 	0.0000 	0.0000 
402	0.0000 	0.0000 	0.0000 	0.0000 	0.0000 
403	0.0000 	0.0000 	0.0000 	0.0000 	0.0000 
404	0.0000 	0.0000 	0.0000 	0.0000 	0.0000 
405	0.0000 	0.0000 	0.0000 	0.0000 	0.0000 
406	0.0000 	0.0000 	0.0000 	0.0000 	0.0000 
407	0.0000 	0.0001 	0.0000 	0.0000 	0.0000 
408	0.0000 	0.0001 	0.0000 	0.0000 	0.0000 
409	0.0000 	0.0001 	0.0000 	0.0000 	0.0000 
410	0.0000 	0.0001 	0.0000 	0.0000 	0.0000 
411	0.0000 	0.0002 	0.0000 	0.0000 	0.0000 
412	0.0000 	0.0003 	0.0000 	0.0000 	0.0000 
413	0.0000 	0.0004 	0.0000 	0.0000 	0.0000 
414	0.0000 	0.0005 	0.0000 	0.0000 	0.0000 
415	0.0000 	0.0007 	0.0000 	0.0000 	0.0000 
416	0.0000 	0.0009 	0.0000 	0.0000 	0.0000 
417	0.0000 	0.0013 	0.0000 	0.0000 	0.0000 
418	0.0001 	0.0017 	0.0000 	0.0000 	0.0000 
419	0.0001 	0.0022 	0.0000 	0.0000 	0.0000 
420	0.0001 	0.0028 	0.0000 	0.0000 	0.0000 
421	0.0003 	0.0025 	0.0000 	0.0000 	0.0000 
422	0.0005 	0.0023 	0.0000 	0.0000 	0.0000 
423	0.0008 	0.0021 	0.0000 	0.0000 	0.0000 
424	0.0014 	0.0028 	0.0000 	0.0000 	0.0000 
425	0.0024 	0.0039 	0.0000 	0.0000 	0.0000 
426	0.0040 	0.0057 	0.0000 	0.0000 	0.0000 
427	0.0064 	0.0087 	0.0000 	0.0000 	0.0000 
428	0.0099 	0.0136 	0.0000 	0.0000 	0.0000 
429	0.0146 	0.0211 	0.0000 	0.0000 	0.0000 
430	0.0208 	0.0317 	0.0000 	0.0000 	0.0000 
431	0.0288 	0.0515 	0.0000 	0.0000 	0.0000 
432	0.0389 	0.0590 	0.0000 	0.0000 	0.0000 
433	0.0515 	0.0839 	0.0000 	0.0000 	0.0000 
434	0.0665 	0.1066 	0.0000 	0.0000 	0.0000 
435	0.0837 	0.1273 	0.0000 	0.0000 	0.0000 
436	0.1026 	0.1565 	0.0000 	0.0000 	0.0000 
437	0.1223 	0.1765 	0.0000 	0.0000 	0.0000 
438	0.1422 	0.1941 	0.0000 	0.0000 	0.0000 
439	0.1616 	0.2253 	0.0000 	0.0000 	0.0000 
440	0.1802 	0.2826 	0.0000 	0.0000 	0.0000 
441	0.1980 	0.3355 	0.0000 	0.0000 	0.0000 
442	0.2152 	0.3835 	0.0000 	0.0000 	0.0000 
443	0.2319 	0.4183 	0.0000 	0.0000 	0.0000 
444	0.2484 	0.4475 	0.0000 	0.0000 	0.0000 
445	0.2650 	0.4641 	0.0000 	0.0000 	0.0000 
446	0.2817 	0.4802 	0.0000 	0.0000 	0.0000 
447	0.2984 	0.4890 	0.0000 	0.0000 	0.0000 
448	0.3149 	0.4970 	0.0000 	0.0000 	0.0000 
449	0.3311 	0.4982 	0.0000 	0.0000 	0.0000 
450	0.3467 	0.5049 	0.0000 	0.0000 	0.0000 
451	0.3626 	0.5127 	0.0000 	0.0000 	0.0000 
452	0.3779 	0.5193 	0.0000 	0.0000 	0.0000 
453	0.3924 	0.5217 	0.0000 	0.0000 	0.0000 
454	0.4060 	0.5309 	0.0000 	0.0000 	0.0000 
455	0.4187 	0.5396 	0.0000 	0.0000 	0.0000 
456	0.4302 	0.5426 	0.0000 	0.0000 	0.0000 
457	0.4402 	0.5513 	0.0000 	0.0000 	0.0000 
458	0.4488 	0.5595 	0.0000 	0.0000 	0.0000 
459	0.4560 	0.5623 	0.0000 	0.0000 	0.0000 
460	0.4619 	0.5709 	0.0000 	0.0000 	0.0000 
461	0.4670 	0.5792 	0.0000 	0.0000 	0.0000 
462	0.4717 	0.5817 	0.0000 	0.0000 	0.0000 
463	0.4767 	0.5903 	0.0000 	0.0000 	0.0000 
464	0.4823 	0.5985 	0.0000 	0.0000 	0.0000 
465	0.4890 	0.6006 	0.0000 	0.0000 	0.0000 
466	0.4970 	0.6090 	0.0000 	0.0000 	0.0000 
467	0.5062 	0.6172 	0.0000 	0.0000 	0.0000 
468	0.5165 	0.6194 	0.0000 	0.0000 	0.0000 
469	0.5277 	0.6286 	0.0000 	0.0000 	0.0000 
470	0.5393 	0.6382 	0.0000 	0.0000 	0.0000 
471	0.5510 	0.6420 	0.0000 	0.0000 	0.0000 
472	0.5625 	0.6534 	0.0000 	0.0000 	0.0000 
473	0.5735 	0.6651 	0.0000 	0.0000 	0.0000 
474	0.5838 	0.6704 	0.0000 	0.0000 	0.0000 
475	0.5935 	0.6829 	0.0000 	0.0000 	0.0000 
476	0.6025 	0.6949 	0.0000 	0.0000 	0.0000 
477	0.6110 	0.6996 	0.0000 	0.0000 	0.0000 
478	0.6192 	0.7112 	0.0000 	0.0000 	0.0000 
479	0.6272 	0.7221 	0.0000 	0.0000 	0.0000 
480	0.6353 	0.7252 	0.0000 	0.0000 	0.0000 
481	0.6438 	0.7358 	0.0000 	0.0000 	0.0000 
482	0.6526 	0.7459 	0.0000 	0.0000 	0.0000 
483	0.6619 	0.7482 	0.0000 	0.0000 	0.0000 
484	0.6716 	0.7586 	0.0000 	0.0000 	0.0000 
485	0.6814 	0.7685 	0.0000 	0.0000 	0.0000 
486	0.6911 	0.7706 	0.0000 	0.0000 	0.0000 
487	0.7004 	0.7810 	0.0000 	0.0000 	0.0000 
488	0.7090 	0.7911 	0.0000 	0.0000 	0.0000 
489	0.7167 	0.7963 	0.0000 	0.0000 	0.0000 
490	0.7234 	0.8068 	0.0000 	0.0000 	0.0000 
491	0.7292 	0.8172 	0.0000 	0.0000 	0.0000 
492	0.7343 	0.8277 	0.0000 	0.0000 	0.0000 
493	0.7391 	0.8381 	0.0000 	0.0000 	0.0000 
494	0.7440 	0.8486 	0.0000 	0.0000 	0.0000 
495	0.7494 	0.8590 	0.0001 	0.0000 	0.0000 
496	0.7556 	0.8692 	0.0001 	0.0000 	0.0000 
497	0.7629 	0.8790 	0.0002 	0.0000 	0.0000 
498	0.7713 	0.8884 	0.0003 	0.0000 	0.0000 
499	0.7808 	0.8974 	0.0005 	0.0000 	0.0000 
500	0.7910 	0.9061 	0.0009 	0.0000 	0.0000 
501	0.7996 	0.9124 	0.0014 	0.0000 	0.0000 
502	0.8081 	0.9188 	0.0024 	0.0000 	0.0000 
503	0.8160 	0.9252 	0.0040 	0.0000 	0.0000 
504	0.8229 	0.9319 	0.0066 	0.0000 	0.0000 
505	0.8287 	0.9387 	0.0111 	0.0000 	0.0000 
506	0.8334 	0.9456 	0.0182 	0.0000 	0.0000 
507	0.8369 	0.9524 	0.0294 	0.0000 	0.0000 
508	0.8396 	0.9591 	0.0462 	0.0000 	0.0000 
509	0.8417 	0.9653 	0.0703 	0.0000 	0.0001 
510	0.8437 	0.9716 	0.1034 	0.0000 	0.0001 
511	0.8458 	0.9762 	0.1465 	0.0000 	0.0001 
512	0.8483 	0.9806 	0.2000 	0.0000 	0.0001 
513	0.8514 	0.9847 	0.2627 	0.0000 	0.0001 
514	0.8552 	0.9885 	0.3324 	0.0000 	0.0001 
515	0.8595 	0.9920 	0.4056 	0.0000 	0.0001 
516	0.8643 	0.9952 	0.4786 	0.0000 	0.0000 
517	0.8692 	0.9978 	0.5475 	0.0000 	0.0000 
518	0.8741 	0.9995 	0.6095 	0.0000 	0.0000 
519	0.8788 	1.0000 	0.6629 	0.0000 	0.0000 
520	0.8830 	0.9983 	0.7074 	0.0000 	0.0000 
521	0.8868 	0.9932 	0.7437 	0.0000 	0.0000 
522	0.8902 	0.9831 	0.7733 	0.0000 	0.0000 
523	0.8931 	0.9661 	0.7978 	0.0000 	0.0000 
524	0.8958 	0.9402 	0.8187 	0.0000 	0.0000 
525	0.8984 	0.9041 	0.8373 	0.0000 	0.0000 
526	0.9012 	0.8569 	0.8541 	0.0000 	0.0000 
527	0.9042 	0.7989 	0.8696 	0.0000 	0.0000 
528	0.9076 	0.7315 	0.8837 	0.0000 	0.0000 
529	0.9116 	0.6571 	0.8964 	0.0000 	0.0000 
530	0.9163 	0.5787 	0.9077 	0.0000 	0.0000 
531	0.9214 	0.4998 	0.9175 	0.0000 	0.0000 
532	0.9271 	0.4235 	0.9259 	0.0000 	0.0000 
533	0.9332 	0.3527 	0.9332 	0.0000 	0.0000 
534	0.9394 	0.2891 	0.9340 	0.0000 	0.0000 
535	0.9455 	0.2338 	0.9386 	0.0000 	0.0000 
536	0.9512 	0.1872 	0.9435 	0.0000 	0.0000 
537	0.9565 	0.1487 	0.9484 	0.0000 	0.0000 
538	0.9610 	0.1176 	0.9533 	0.0000 	0.0000 
539	0.9647 	0.0927 	0.9580 	0.0000 	0.0000 
540	0.9676 	0.0731 	0.9626 	0.0000 	0.0001 
541	0.9698 	0.0576 	0.9671 	0.0000 	0.0002 
542	0.9714 	0.0454 	0.9714 	0.0000 	0.0003 
543	0.9726 	0.0359 	0.9756 	0.0000 	0.0005 
544	0.9734 	0.0284 	0.9797 	0.0000 	0.0006 
545	0.9740 	0.0225 	0.9836 	0.0000 	0.0006 
546	0.9745 	0.0180 	0.9874 	0.0000 	0.0006 
547	0.9747 	0.0145 	0.9910 	0.0000 	0.0006 
548	0.9748 	0.0117 	0.9944 	0.0000 	0.0005 
549	0.9745 	0.0096 	0.9974 	0.0000 	0.0003 
550	0.9740 	0.0080 	1.0000 	0.0000 	0.0002 
551	0.9682 	0.0066 	0.9971 	0.0000 	0.0001 
552	0.9621 	0.0056 	0.9937 	0.0000 	0.0000 
553	1.0000 	0.0048 	0.9900 	0.0000 	0.0000 
554	0.9956 	0.0041 	0.9857 	0.0000 	0.0000 
555	0.9910 	0.0035 	0.9810 	0.0000 	0.0000 
556	0.9862 	0.0031 	0.9757 	0.0000 	0.0000 
557	0.9813 	0.0027 	0.9700 	0.0000 	0.0000 
558	0.9763 	0.0024 	0.9639 	0.0000 	0.0000 
559	0.9710 	0.0021 	0.9576 	0.0000 	0.0000 
560	0.9654 	0.0019 	0.9510 	0.0000 	0.0000 
561	0.9597 	0.0017 	0.9443 	0.0000 	0.0000 
562	0.9537 	0.0015 	0.9377 	0.0000 	0.0000 
563	0.9475 	0.0014 	0.9313 	0.0000 	0.0000 
564	0.9413 	0.0013 	0.9250 	0.0000 	0.0000 
565	0.9352 	0.0012 	0.9191 	0.0000 	0.0000 
566	0.9293 	0.0011 	0.9138 	0.0000 	0.0000 
567	0.9239 	0.0010 	0.9092 	0.0000 	0.0000 
568	0.9190 	0.0009 	0.9055 	0.0000 	0.0000 
569	0.9149 	0.0008 	0.9031 	0.0000 	0.0000 
570	0.9118 	0.0007 	0.9020 	0.0000 	0.0000 
571	0.9097 	0.0007 	0.9024 	0.0000 	0.0000 
572	0.9088 	0.0006 	0.9042 	0.0000 	0.0000 
573	0.9089 	0.0006 	0.9071 	0.0000 	0.0000 
574	0.9101 	0.0005 	0.9108 	0.0000 	0.0000 
575	0.9122 	0.0005 	0.9149 	0.0001 	0.0000 
576	0.9150 	0.0004 	0.9189 	0.0001 	0.0000 
577	0.9186 	0.0004 	0.9222 	0.0002 	0.0000 
578	0.9226 	0.0004 	0.9244 	0.0002 	0.0000 
579	0.9268 	0.0004 	0.9253 	0.0003 	0.0000 
580	0.9312 	0.0003 	0.9248 	0.0004 	0.0000 
581	0.9354 	0.0003 	0.9228 	0.0005 	0.0000 
582	0.9394 	0.0003 	0.9197 	0.0006 	0.0000 
583	0.9429 	0.0003 	0.9160 	0.0007 	0.0000 
584	0.9459 	0.0003 	0.9119 	0.0008 	0.0000 
585	0.9483 	0.0003 	0.9081 	0.0010 	0.0000 
586	0.9502 	0.0003 	0.9048 	0.0011 	0.0000 
587	0.9514 	0.0003 	0.9024 	0.0013 	0.0000 
588	0.9521 	0.0003 	0.9009 	0.0014 	0.0000 
589	0.9522 	0.0003 	0.9002 	0.0016 	0.0000 
590	0.9518 	0.0003 	0.9001 	0.0017 	0.0000 
591	0.9509 	0.0003 	0.9002 	0.0019 	0.0000 
592	0.9495 	0.0003 	0.9001 	0.0021 	0.0000 
593	0.9477 	0.0003 	0.8993 	0.0023 	0.0000 
594	0.9454 	0.0003 	0.8973 	0.0026 	0.0000 
595	0.9426 	0.0003 	0.8935 	0.0029 	0.0000 
596	0.9394 	0.0003 	0.8871 	0.0033 	0.0000 
597	0.9358 	0.0003 	0.8775 	0.0037 	0.0000 
598	0.9319 	0.0003 	0.8636 	0.0043 	0.0000 
599	0.9279 	0.0003 	0.8445 	0.0050 	0.0000 
600	0.9239 	0.0003 	0.8190 	0.0059 	0.0000 
601	0.9180 	0.0002 	0.7844 	0.0071 	0.0000 
602	0.9122 	0.0002 	0.7417 	0.0087 	0.0000 
603	0.9068 	0.0002 	0.6908 	0.0107 	0.0000 
604	0.9016 	0.0002 	0.6322 	0.0135 	0.0000 
605	0.8967 	0.0002 	0.5673 	0.0171 	0.0000 
606	0.8918 	0.0002 	0.4982 	0.0222 	0.0000 
607	0.8870 	0.0002 	0.4277 	0.0290 	0.0000 
608	0.8821 	0.0002 	0.3589 	0.0384 	0.0000 
609	0.8771 	0.0002 	0.2943 	0.0512 	0.0000 
610	0.8723 	0.0002 	0.2363 	0.0687 	0.0000 
611	0.8677 	0.0002 	0.1862 	0.0923 	0.0000 
612	0.8636 	0.0002 	0.1443 	0.1235 	0.0000 
613	0.8608 	0.0002 	0.1106 	0.1639 	0.0000 
614	0.8596 	0.0002 	0.0840 	0.2149 	0.0000 
615	0.8594 	0.0002 	0.0636 	0.2771 	0.0000 
616	0.8602 	0.0002 	0.0482 	0.3504 	0.0000 
617	0.8616 	0.0003 	0.0366 	0.4329 	0.0000 
618	0.8633 	0.0003 	0.0281 	0.5217 	0.0000 
619	0.8650 	0.0003 	0.0217 	0.6125 	0.0000 
620	0.8663 	0.0004 	0.0169 	0.7005 	0.0000 
621	0.8670 	0.0004 	0.0133 	0.7809 	0.0000 
622	0.8668 	0.0005 	0.0106 	0.8498 	0.0000 
623	0.8658 	0.0005 	0.0084 	0.9049 	0.0000 
624	0.8639 	0.0006 	0.0067 	0.9458 	0.0000 
625	0.8610 	0.0006 	0.0054 	0.9733 	0.0000 
626	0.8574 	0.0006 	0.0044 	0.9896 	0.0000 
627	0.8532 	0.0006 	0.0035 	0.9976 	0.0000 
628	0.8485 	0.0006 	0.0028 	1.0000 	0.0000 
629	0.8436 	0.0006 	0.0022 	0.9991 	0.0000 
630	0.8385 	0.0006 	0.0018 	0.9967 	0.0000 
631	0.8335 	0.0005 	0.0014 	0.9940 	0.0000 
632	0.8286 	0.0005 	0.0011 	0.9916 	0.0000 
633	0.8241 	0.0004 	0.0009 	0.9898 	0.0000 
634	0.8200 	0.0004 	0.0007 	0.9885 	0.0000 
635	0.8166 	0.0003 	0.0006 	0.9877 	0.0000 
636	0.8139 	0.0003 	0.0004 	0.9872 	0.0000 
637	0.8122 	0.0003 	0.0004 	0.9871 	0.0000 
638	0.8114 	0.0002 	0.0003 	0.9872 	0.0000 
639	0.8116 	0.0002 	0.0002 	0.9874 	0.0000 
640	0.8127 	0.0002 	0.0002 	0.9877 	0.0000 
641	0.8145 	0.0002 	0.0002 	0.9880 	0.0000 
642	0.8168 	0.0002 	0.0001 	0.9882 	0.0000 
643	0.8193 	0.0002 	0.0001 	0.9881 	0.0000 
644	0.8217 	0.0002 	0.0001 	0.9877 	0.0000 
645	0.8238 	0.0002 	0.0001 	0.9869 	0.0000 
646	0.8254 	0.0002 	0.0001 	0.9859 	0.0000 
647	0.8263 	0.0002 	0.0001 	0.9846 	0.0000 
648	0.8266 	0.0003 	0.0001 	0.9832 	0.0000 
649	0.8262 	0.0005 	0.0000 	0.9818 	0.0000 
650	0.8252 	0.0007 	0.0000 	0.9804 	0.0000 
651	0.8231 	0.0010 	0.0000 	0.9786 	0.0000 
652	0.8206 	0.0014 	0.0000 	0.9767 	0.0000 
653	0.8176 	0.0020 	0.0000 	0.9747 	0.0000 
654	0.8143 	0.0026 	0.0000 	0.9725 	0.0000 
655	0.8108 	0.0033 	0.0000 	0.9700 	0.0000 
656	0.8070 	0.0040 	0.0000 	0.9670 	0.0000 
657	0.8032 	0.0045 	0.0000 	0.9636 	0.0000 
658	0.7992 	0.0047 	0.0000 	0.9597 	0.0000 
659	0.7952 	0.0047 	0.0000 	0.9554 	0.0000 
660	0.7912 	0.0043 	0.0000 	0.9507 	0.0000 
661	0.7872 	0.0037 	0.0000 	0.9457 	0.0000 
662	0.7831 	0.0030 	0.0000 	0.9406 	0.0000 
663	0.7790 	0.0023 	0.0000 	0.9355 	0.0000 
664	0.7748 	0.0017 	0.0000 	0.9303 	0.0000 
665	0.7706 	0.0012 	0.0000 	0.9252 	0.0000 
666	0.7663 	0.0008 	0.0000 	0.9201 	0.0000 
667	0.7618 	0.0005 	0.0000 	0.9149 	0.0000 
668	0.7572 	0.0004 	0.0000 	0.9096 	0.0000 
669	0.7522 	0.0003 	0.0000 	0.9041 	0.0000 
670	0.7470 	0.0002 	0.0000 	0.8982 	0.0000 
671	0.7414 	0.0001 	0.0000 	0.8918 	0.0000 
672	0.7353 	0.0001 	0.0000 	0.8849 	0.0000 
673	0.7289 	0.0001 	0.0000 	0.8774 	0.0000 
674	0.7221 	0.0001 	0.0000 	0.8692 	0.0000 
675	0.7150 	0.0001 	0.0000 	0.8605 	0.0000 
676	0.7076 	0.0001 	0.0000 	0.8512 	0.0000 
677	0.7003 	0.0001 	0.0000 	0.8416 	0.0000 
678	0.6930 	0.0001 	0.0000 	0.8317 	0.0000 
679	0.6859 	0.0001 	0.0000 	0.8218 	0.0000 
680	0.6792 	0.0001 	0.0000 	0.8120 	0.0000 
681	0.6729 	0.0001 	0.0000 	0.8023 	0.0000 
682	0.6670 	0.0001 	0.0000 	0.7927 	0.0000 
683	0.6616 	0.0001 	0.0000 	0.7830 	0.0000 
684	0.6564 	0.0002 	0.0000 	0.7727 	0.0000 
685	0.6515 	0.0002 	0.0000 	0.7613 	0.0000 
686	0.6468 	0.0002 	0.0000 	0.7479 	0.0000 
687	0.6423 	0.0003 	0.0000 	0.7316 	0.0000 
688	0.6383 	0.0004 	0.0000 	0.7113 	0.0000 
689	0.6348 	0.0005 	0.0000 	0.6859 	0.0000 
690	0.6320 	0.0007 	0.0000 	0.6548 	0.0000 
691	0.6301 	0.0008 	0.0000 	0.6173 	0.0000 
692	0.6290 	0.0009 	0.0000 	0.5736 	0.0000 
693	0.6288 	0.0010 	0.0000 	0.5242 	0.0000 
694	0.6293 	0.0011 	0.0000 	0.4703 	0.0000 
695	0.6303 	0.0011 	0.0000 	0.4138 	0.0000 
696	0.6314 	0.0011 	0.0000 	0.3568 	0.0000 
697	0.6324 	0.0010 	0.0000 	0.3014 	0.0000 
698	0.6332 	0.0008 	0.0000 	0.2496 	0.0001 
699	0.6335 	0.0007 	0.0000 	0.2029 	0.0001 
700	0.6332 	0.0006 	0.0000 	0.1623 	0.0002 
701	0.6328 	0.0005 	0.0000 	0.1281 	0.0002 
702	0.6318 	0.0004 	0.0000 	0.1000 	0.0003 
703	0.6303 	0.0003 	0.0000 	0.0775 	0.0004 
704	0.6285 	0.0002 	0.0000 	0.0598 	0.0005 
705	0.6264 	0.0002 	0.0000 	0.0461 	0.0006 
706	0.6239 	0.0001 	0.0000 	0.0356 	0.0007 
707	0.6213 	0.0001 	0.0000 	0.0275 	0.0008 
708	0.6185 	0.0001 	0.0000 	0.0214 	0.0009 
709	0.6156 	0.0001 	0.0000 	0.0167 	0.0010 
710	0.6127 	0.0001 	0.0000 	0.0131 	0.0011 
711	0.6097 	0.0000 	0.0000 	0.0104 	0.0012 
712	0.6068 	0.0000 	0.0000 	0.0082 	0.0013 
713	0.6039 	0.0000 	0.0000 	0.0066 	0.0013 
714	0.6013 	0.0000 	0.0000 	0.0053 	0.0014 
715	0.5988 	0.0000 	0.0000 	0.0043 	0.0015 
716	0.5965 	0.0000 	0.0000 	0.0035 	0.0016 
717	0.5944 	0.0000 	0.0000 	0.0029 	0.0017 
718	0.5925 	0.0000 	0.0000 	0.0024 	0.0019 
719	0.5908 	0.0000 	0.0000 	0.0019 	0.0021 
720	0.5891 	0.0000 	0.0000 	0.0016 	0.0024 
721	0.5875 	0.0000 	0.0000 	0.0013 	0.0027 
722	0.5858 	0.0000 	0.0000 	0.0011 	0.0031 
723	0.5840 	0.0001 	0.0000 	0.0009 	0.0036 
724	0.5820 	0.0001 	0.0000 	0.0008 	0.0043 
725	0.5798 	0.0001 	0.0000 	0.0007 	0.0051 
726	0.5773 	0.0001 	0.0000 	0.0005 	0.0062 
727	0.5744 	0.0001 	0.0000 	0.0005 	0.0076 
728	0.5713 	0.0001 	0.0000 	0.0004 	0.0094 
729	0.5679 	0.0002 	0.0000 	0.0003 	0.0117 
730	0.5641 	0.0002 	0.0000 	0.0003 	0.0147 
731	0.5601 	0.0003 	0.0000 	0.0002 	0.0186 
732	0.5559 	0.0004 	0.0000 	0.0002 	0.0237 
733	0.5515 	0.0005 	0.0000 	0.0002 	0.0302 
734	0.5470 	0.0006 	0.0000 	0.0001 	0.0387 
735	0.5425 	0.0007 	0.0000 	0.0001 	0.0495 
736	0.5380 	0.0008 	0.0000 	0.0001 	0.0633 
737	0.5337 	0.0009 	0.0000 	0.0001 	0.0807 
738	0.5295 	0.0011 	0.0000 	0.0001 	0.1025 
739	0.5257 	0.0012 	0.0000 	0.0001 	0.1295 
740	0.5222 	0.0012 	0.0000 	0.0000 	0.1624 
741	0.5191 	0.0012 	0.0000 	0.0000 	0.2019 
742	0.5164 	0.0012 	0.0000 	0.0000 	0.2485 
743	0.5142 	0.0011 	0.0000 	0.0000 	0.3023 
744	0.5123 	0.0010 	0.0000 	0.0000 	0.3629 
745	0.5108 	0.0009 	0.0000 	0.0000 	0.4297 
746	0.5096 	0.0008 	0.0000 	0.0000 	0.5010 
747	0.5085 	0.0006 	0.0000 	0.0000 	0.5750 
748	0.5075 	0.0005 	0.0000 	0.0000 	0.6491 
749	0.5065 	0.0004 	0.0000 	0.0000 	0.7206 
750	0.5054 	0.0004 	0.0000 	0.0000 	0.7868 
751	0.5050 	0.0003 	0.0000 	0.0000 	0.8464 
752	0.5044 	0.0002 	0.0000 	0.0000 	0.8966 
753	0.5035 	0.0002 	0.0000 	0.0000 	0.9362 
754	0.5023 	0.0002 	0.0000 	0.0000 	0.9651 
755	0.5008 	0.0002 	0.0000 	0.0000 	0.9840 
756	0.4989 	0.0002 	0.0000 	0.0000 	0.9942 
757	0.4966 	0.0001 	0.0000 	0.0000 	0.9974 
758	0.4940 	0.0001 	0.0000 	0.0000 	0.9906 
759	0.4911 	0.0001 	0.0000 	0.0000 	0.9869 
760	0.4878 	0.0001 	0.0000 	0.0000 	0.9847 
761	0.4844 	0.0001 	0.0000 	0.0000 	0.9839 
762	0.4809 	0.0001 	0.0000 	0.0000 	0.9844 
763	0.4774 	0.0002 	0.0000 	0.0000 	0.9859 
764	0.4740 	0.0002 	0.0000 	0.0000 	0.9882 
765	0.4706 	0.0002 	0.0000 	0.0000 	0.9909 
766	0.4673 	0.0002 	0.0000 	0.0000 	0.9937 
767	0.4641 	0.0002 	0.0000 	0.0000 	0.9962 
768	0.4609 	0.0003 	0.0000 	0.0000 	0.9982 
769	0.4578 	0.0003 	0.0000 	0.0000 	0.9995 
770	0.4547 	0.0004 	0.0000 	0.0000 	1.0000 
771	0.4516 	0.0004 	0.0000 	0.0000 	0.9996 
772	0.4485 	0.0005 	0.0000 	0.0000 	0.9984 
773	0.4456 	0.0006 	0.0000 	0.0000 	0.9965 
774	0.4428 	0.0006 	0.0000 	0.0000 	0.9940 
775	0.4401 	0.0007 	0.0000 	0.0000 	0.9911 
776	0.4376 	0.0008 	0.0000 	0.0000 	0.9877 
777	0.4353 	0.0008 	0.0000 	0.0000 	0.9841 
778	0.4332 	0.0009 	0.0000 	0.0000 	0.9802 
779	0.4313 	0.0010 	0.0000 	0.0000 	0.9760 
780	0.4295 	0.0010 	0.0000 	0.0000 	0.9716 
781	0.4279 	0.0011 	0.0000 	0.0000 	0.9669 
782	0.4263 	0.0011 	0.0000 	0.0000 	0.9619 
783	0.4249 	0.0012 	0.0000 	0.0000 	0.9566 
784	0.4235 	0.0013 	0.0000 	0.0000 	0.9511 
785	0.4221 	0.0014 	0.0000 	0.0000 	0.9452 
786	0.4208 	0.0014 	0.0000 	0.0000 	0.9393 
787	0.4196 	0.0015 	0.0000 	0.0000 	0.9332 
788	0.4184 	0.0015 	0.0000 	0.0000 	0.9272 
789	0.4174 	0.0015 	0.0000 	0.0000 	0.9214 
790	0.4164 	0.0015 	0.0000 	0.0000 	0.9158 
791	0.4154 	0.0015 	0.0000 	0.0000 	0.9105 
792	0.4145 	0.0014 	0.0000 	0.0000 	0.9054 
793	0.4136 	0.0013 	0.0000 	0.0000 	0.9006 
794	0.4126 	0.0012 	0.0000 	0.0000 	0.8959 
795	0.4116 	0.0011 	0.0001 	0.0000 	0.8914 
796	0.4103 	0.0009 	0.0001 	0.0000 	0.8869 
797	0.4090 	0.0008 	0.0001 	0.0000 	0.8823 
798	0.4074 	0.0007 	0.0001 	0.0000 	0.8776 
799	0.4056 	0.0006 	0.0001 	0.0000 	0.8727 
800	0.4036 	0.0005 	0.0001 	0.0000 	0.8677 
801	0.4017 	0.0005 	0.0001 	0.0000 	0.8629 
802	0.3996 	0.0004 	0.0001 	0.0000 	0.8578 
803	0.3973 	0.0004 	0.0002 	0.0000 	0.8525 
804	0.3948 	0.0004 	0.0002 	0.0000 	0.8469 
805	0.3922 	0.0003 	0.0002 	0.0000 	0.8411 
806	0.3896 	0.0003 	0.0002 	0.0000 	0.8350 
807	0.3868 	0.0004 	0.0002 	0.0000 	0.8287 
808	0.3839 	0.0004 	0.0001 	0.0000 	0.8223 
809	0.3810 	0.0004 	0.0001 	0.0000 	0.8156 
810	0.3781 	0.0005 	0.0001 	0.0000 	0.8089 
811	0.3751 	0.0006 	0.0001 	0.0000 	0.8020 
812	0.3720 	0.0007 	0.0001 	0.0000 	0.7950 
813	0.3690 	0.0009 	0.0001 	0.0000 	0.7879 
814	0.3659 	0.0012 	0.0001 	0.0000 	0.7809 
815	0.3629 	0.0016 	0.0001 	0.0000 	0.7739 
816	0.3598 	0.0021 	0.0001 	0.0000 	0.7670 
817	0.3569 	0.0026 	0.0001 	0.0000 	0.7604 
818	0.3540 	0.0031 	0.0001 	0.0000 	0.7540 
819	0.3512 	0.0035 	0.0001 	0.0000 	0.7481 
820	0.3485 	0.0039 	0.0001 	0.0000 	0.7425 
821	0.3459 	0.0040 	0.0001 	0.0000 	0.7372 
822	0.3434 	0.0039 	0.0001 	0.0000 	0.7324 
823	0.3410 	0.0037 	0.0001 	0.0000 	0.7278 
824	0.3385 	0.0033 	0.0001 	0.0000 	0.7245 
825	0.3361 	0.0028 	0.0002 	0.0000 	0.7203 
826	0.3336 	0.0023 	0.0002 	0.0000 	0.7162 
827	0.3311 	0.0019 	0.0002 	0.0000 	0.7119 
828	0.3285 	0.0015 	0.0002 	0.0000 	0.7077 
829	0.3260 	0.0012 	0.0002 	0.0000 	0.7036 
830	0.3234 	0.0010 	0.0002 	0.0000 	0.6995 
831	0.3208 	0.0009 	0.0002 	0.0000 	0.6956 
832	0.3183 	0.0008 	0.0002 	0.0000 	0.6920 
833	0.3159 	0.0007 	0.0003 	0.0000 	0.6885 
834	0.3137 	0.0007 	0.0003 	0.0000 	0.6851 
835	0.3117 	0.0007 	0.0003 	0.0000 	0.6819 
836	0.3098 	0.0006 	0.0003 	0.0000 	0.6787 
837	0.3081 	0.0006 	0.0003 	0.0000 	0.6754 
838	0.3064 	0.0005 	0.0003 	0.0000 	0.6719 
839	0.3048 	0.0005 	0.0003 	0.0000 	0.6681 
840	0.3032 	0.0005 	0.0003 	0.0000 	0.6640 
841	0.3015 	0.0004 	0.0003 	0.0000 	0.6595 
842	0.2998 	0.0004 	0.0003 	0.0000 	0.6546 
843	0.2979 	0.0003 	0.0004 	0.0000 	0.6494 
844	0.2959 	0.0003 	0.0004 	0.0000 	0.6440 
845	0.2937 	0.0003 	0.0004 	0.0000 	0.6383 
846	0.2913 	0.0002 	0.0003 	0.0000 	0.6324 
847	0.2888 	0.0002 	0.0003 	0.0000 	0.6264 
848	0.2862 	0.0002 	0.0003 	0.0000 	0.6202 
849	0.2835 	0.0001 	0.0003 	0.0000 	0.6139 
850	0.2806 	0.0001 	0.0003 	0.0000 	0.6076 
851	0.2788 	0.0001 	0.0003 	0.0000 	0.6037 
852	0.2770 	0.0000 	0.0003 	0.0000 	0.5996 
853	0.2751 	0.0000 	0.0002 	0.0000 	0.5953 
854	0.2731 	0.0000 	0.0002 	0.0000 	0.5909 
855	0.2712 	0.0000 	0.0002 	0.0000 	0.5864 
856	0.2691 	0.0000 	0.0001 	0.0000 	0.5818 
857	0.2671 	0.0000 	0.0001 	0.0000 	0.5771 
858	0.2651 	0.0000 	0.0000 	0.0000 	0.5725 
859	0.2630 	0.0000 	0.0000 	0.0000 	0.5678 
860	0.2609 	0.0000 	0.0000 	0.0000 	0.5630 
861	0.2586 	0.0000 	0.0000 	0.0000 	0.5582 
862	0.2563 	0.0000 	0.0000 	0.0000 	0.5532 
863	0.2538 	0.0000 	0.0000 	0.0000 	0.5482 
864	0.2511 	0.0000 	0.0000 	0.0000 	0.5431 
865	0.2483 	0.0000 	0.0000 	0.0000 	0.5382 
866	0.2455 	0.0000 	0.0000 	0.0000 	0.5333 
867	0.2426 	0.0000 	0.0000 	0.0000 	0.5287 
868	0.2396 	0.0000 	0.0000 	0.0000 	0.5243 
869	0.2366 	0.0000 	0.0000 	0.0000 	0.5201 
870	0.2336 	0.0000 	0.0000 	0.0000 	0.5160 
871	0.2306 	0.0000 	0.0000 	0.0000 	0.5120 
872	0.2276 	0.0000 	0.0000 	0.0000 	0.5080 
873	0.2246 	0.0000 	0.0000 	0.0000 	0.5038 
874	0.2216 	0.0000 	0.0000 	0.0000 	0.4995 
875	0.2187 	0.0000 	0.0000 	0.0000 	0.4950 
876	0.2157 	0.0000 	0.0000 	0.0000 	0.4903 
877	0.2127 	0.0000 	0.0000 	0.0000 	0.4855 
878	0.2097 	0.0000 	0.0000 	0.0000 	0.4806 
879	0.2067 	0.0000 	0.0000 	0.0000 	0.4758 
880	0.2037 	0.0000 	0.0000 	0.0000 	0.4711 
881	0.2009 	0.0000 	0.0000 	0.0000 	0.4664 
882	0.1979 	0.0000 	0.0000 	0.0000 	0.4619 
883	0.1950 	0.0000 	0.0000 	0.0000 	0.4576 
884	0.1922 	0.0000 	0.0000 	0.0000 	0.4535 
885	0.1893 	0.0000 	0.0000 	0.0000 	0.4496 
886	0.1865 	0.0000 	0.0000 	0.0000 	0.4460 
887	0.1837 	0.0000 	0.0000 	0.0000 	0.4426 
888	0.1808 	0.0000 	0.0000 	0.0000 	0.4394 
889	0.1781 	0.0000 	0.0000 	0.0000 	0.4362 
890	0.1753 	0.0000 	0.0000 	0.0000 	0.4330 
891	0.1726 	0.0000 	0.0000 	0.0000 	0.4294 
892	0.1698 	0.0000 	0.0000 	0.0000 	0.4254 
893	0.1671 	0.0000 	0.0000 	0.0000 	0.4209 
894	0.1644 	0.0000 	0.0000 	0.0000 	0.4160 
895	0.1617 	0.0000 	0.0000 	0.0000 	0.4103 
896	0.1591 	0.0000 	0.0000 	0.0000 	0.4040 
897	0.1564 	0.0000 	0.0000 	0.0000 	0.3967 
898	0.1538 	0.0000 	0.0000 	0.0000 	0.3885 
899	0.1512 	0.0000 	0.0000 	0.0000 	0.3797 
900	0.1486 	0.0000 	0.0000 	0.0000 	0.3699 
901	0.1463 	0.0000 	0.0000 	0.0000 	0.3597 
902	0.1439 	0.0000 	0.0000 	0.0000 	0.3483 
903	0.1416 	0.0000 	0.0000 	0.0000 	0.3358 
904	0.1372 	0.0000 	0.0000 	0.0000 	0.3223 
905	0.1293 	0.0000 	0.0000 	0.0000 	0.3077 
906	0.1209 	0.0000 	0.0000 	0.0000 	0.2922 
907	0.1121 	0.0000 	0.0000 	0.0000 	0.2758 
908	0.1031 	0.0000 	0.0000 	0.0000 	0.2588 
909	0.0941 	0.0000 	0.0000 	0.0000 	0.2413 
910	0.0850 	0.0000 	0.0000 	0.0000 	0.2235 
911	0.0762 	0.0000 	0.0000 	0.0000 	0.2057 
912	0.0677 	0.0000 	0.0000 	0.0000 	0.1879 
913	0.0596 	0.0000 	0.0000 	0.0000 	0.1705 
914	0.0520 	0.0000 	0.0000 	0.0000 	0.1536 
915	0.0450 	0.0000 	0.0000 	0.0000 	0.1373 
916	0.0386 	0.0000 	0.0000 	0.0000 	0.1218 
917	0.0329 	0.0000 	0.0000 	0.0000 	0.1072 
918	0.0278 	0.0001 	0.0000 	0.0000 	0.0936 
919	0.0233 	0.0001 	0.0000 	0.0000 	0.0811 
920	0.0194 	0.0001 	0.0000 	0.0000 	0.0698 
921	0.0161 	0.0001 	0.0000 	0.0000 	0.0595 
922	0.0133 	0.0001 	0.0000 	0.0000 	0.0505 
923	0.0109 	0.0001 	0.0000 	0.0000 	0.0425 
924	0.0089 	0.0001 	0.0000 	0.0000 	0.0356 
925	0.0073 	0.0000 	0.0000 	0.0000 	0.0297 
926	0.0060 	0.0000 	0.0000 	0.0000 	0.0246 
927	0.0049 	0.0000 	0.0000 	0.0000 	0.0204 
928	0.0040 	0.0000 	0.0000 	0.0000 	0.0168 
929	0.0033 	0.0000 	0.0000 	0.0000 	0.0138 
930	0.0027 	0.0000 	0.0000 	0.0000 	0.0113 
931	0.0022 	0.0000 	0.0000 	0.0000 	0.0093 
932	0.0018 	0.0000 	0.0000 	0.0000 	0.0076 
933	0.0015 	0.0000 	0.0000 	0.0000 	0.0062 
934	0.0012 	0.0000 	0.0000 	0.0000 	0.0050 
935	0.0010 	0.0001 	0.0000 	0.0000 	0.0041 
936	0.0008 	0.0001 	0.0000 	0.0000 	0.0033 
937	0.0007 	0.0001 	0.0000 	0.0000 	0.0026 
938	0.0005 	0.0001 	0.0000 	0.0000 	0.0021 
939	0.0004 	0.0002 	0.0000 	0.0000 	0.0017 
940	0.0004 	0.0002 	0.0000 	0.0000 	0.0014 
941	0.0003 	0.0003 	0.0000 	0.0000 	0.0011 
942	0.0002 	0.0003 	0.0000 	0.0000 	0.0008 
943	0.0002 	0.0004 	0.0000 	0.0000 	0.0006 
944	0.0001 	0.0004 	0.0000 	0.0000 	0.0005 
945	0.0001 	0.0005 	0.0000 	0.0000 	0.0004 
946	0.0001 	0.0005 	0.0000 	0.0000 	0.0003 
947	0.0001 	0.0006 	0.0000 	0.0000 	0.0002 
948	0.0000 	0.0006 	0.0000 	0.0000 	0.0001 
949	0.0000 	0.0006 	0.0000 	0.0000 	0.0000 
950	0.0000 	0.0007 	0.0000 	0.0000 	0.0000 