400	0.00044512	0.00092643	0.0013747	0.00016725
401	0.00038152	0.00093785	0.0011676	0.00014626
402	0.00037322	0.00076728	0.0012272	0.0001552
403	0.00037598	0.00098544	0.0013855	0.00014999
404	0.00042712	0.00094984	0.0014648	0.00017462
405	0.00048929	0.00099296	0.0011793	0.00017323
406	0.00062745	0.001064	0.0011594	0.00016174
407	0.00065592	0.001005	0.0012219	0.0001696
408	0.00068811	0.00094847	0.0012194	0.00018346
409	0.0007307	0.001093	0.001352	0.00017459
410	0.00077039	0.001046	0.001365	0.00019636
411	0.00084854	0.0011306	0.0014003	0.00017375
412	0.00098506	0.00098907	0.0012682	0.00020661
413	0.00093595	0.0010791	0.0013794	0.00019982
414	0.00095979	0.0011038	0.001391	0.00018749
415	0.00092901	0.0011412	0.0013976	0.00018615
416	0.0009976	0.001133	0.0013568	0.00019651
417	0.00098693	0.0010265	0.0012996	0.0001885
418	0.0011242	0.0011805	0.0013128	0.00020866
419	0.0012388	0.0011752	0.0014015	0.00018866
420	0.0013451	0.0011968	0.0014719	0.00020576
421	0.0014967	0.0011155	0.0013251	0.00019999
422	0.0015484	0.0012379	0.0014077	0.0001954
423	0.0016643	0.0012194	0.001366	0.00019163
424	0.0016541	0.0010989	0.0012697	0.00020689
425	0.0020055	0.0011888	0.0013175	0.00021399
426	0.0020667	0.0012478	0.0013139	0.00020014
427	0.0022209	0.0013393	0.0013391	0.00019801
428	0.0024557	0.0012406	0.0014649	0.00017367
429	0.0026146	0.0011383	0.0013358	0.00019127
430	0.002831	0.0013019	0.0012453	0.00017197
431	0.0029647	0.0012349	0.001292	0.00019383
432	0.0033969	0.0012849	0.0013141	0.00018999
433	0.0038908	0.0012246	0.0012921	0.00018766
434	0.0048221	0.0013084	0.0012383	0.00018356
435	0.0056476	0.0012429	0.0011865	0.00017291
436	0.0072906	0.0011947	0.0011764	0.00015742
437	0.0087138	0.001124	0.0011702	0.00017625
438	0.010888	0.0012631	0.0010791	0.00019176
439	0.013034	0.0011085	0.0011702	0.00014066
440	0.016046	0.0011565	0.001082	0.00014014
441	0.019231	0.0011343	0.0010467	0.00013628
442	0.024102	0.0011418	0.00087329	0.00013503
443	0.029033	0.0011193	0.001004	0.00015591
444	0.037545	0.0012448	0.00090655	0.00012682
445	0.04603	0.0011475	0.0010085	0.00014087
446	0.061085	0.0011246	0.0010201	0.00015782
447	0.074742	0.0011354	0.0009382	0.00015222
448	0.099834	0.0011761	0.00097598	0.00016638
449	0.12228	0.0011169	0.00090932	0.00014092
450	0.16382	0.0011694	0.00099444	0.00011908
451	0.201	0.0010773	0.00092565	0.00013172
452	0.26466	0.0010766	0.00071541	0.00012449
453	0.31862	0.00098706	0.0008959	0.00013689
454	0.40504	0.0010243	0.00083111	0.00012022
455	0.46734	0.0010653	0.00085394	0.00013275
456	0.55851	0.0011685	0.00077069	0.00011259
457	0.61978	0.0011	0.00088309	0.00012501
458	0.69307	0.0011036	0.00073825	0.00011076
459	0.74007	0.0010063	0.00087772	0.00010071
460	0.77487	0.0010824	0.00090153	0.00011073
461	0.8157	0.001044	0.00078708	0.00011475
462	0.83804	0.0010365	0.00078519	0.00010343
463	0.85627	0.0011225	0.00070756	0.00010727
464	0.86671	0.0010327	0.00062854	0.000099771
465	0.87786	0.0011196	0.00072457	0.00010387
466	0.88427	0.0010805	0.00067467	0.00010046
467	0.89728	0.0011411	0.0006912	0.000082796
468	0.90834	0.0011563	0.00064371	0.00010056
469	0.92107	0.0011981	0.00063645	0.000098287
470	0.93339	0.0010859	0.00064109	0.00010076
471	0.94708	0.0012637	0.00062559	0.000081957
472	0.9565	0.001196	0.00069461	0.00010097
473	0.96165	0.0011095	0.00060431	0.000093069
474	0.96546	0.0012607	0.00068673	0.000094632
475	0.96737	0.0013702	0.00057605	0.000088862
476	0.96427	0.0014378	0.00059427	0.000078207
477	0.96259	0.0014227	0.00061462	0.000077455
478	0.96586	0.0015022	0.00063842	0.000083549
479	0.96621	0.001626	0.00057872	0.000071283
480	0.97446	0.0017059	0.00053689	0.000082819
481	0.98147	0.0017185	0.00051877	0.000081148
482	0.98885	0.0018164	0.00056736	0.00007628
483	0.99624	0.0018889	0.00054372	0.000069746
484	0.99977	0.0018914	0.00054719	0.000069549
485	1	0.0020169	0.00052586	0.000066878
486	0.99429	0.0020827	0.00052023	0.000067422
487	0.9882	0.002306	0.00052792	0.000073531
488	0.98499	0.0025108	0.00051156	0.000060952
489	0.9771	0.0028959	0.00044998	0.000069963
490	0.97317	0.0031286	0.00048109	0.000072746
491	0.97265	0.0037767	0.0004751	0.000065646
492	0.97735	0.0043177	0.00046661	0.000067973
493	0.97496	0.0050446	0.00050558	0.000065136
494	0.97939	0.0062136	0.00048733	0.000064548
495	0.9801	0.0073692	0.00048418	0.000063218
496	0.97916	0.0094253	0.00046416	0.000058027
497	0.97647	0.011207	0.0004261	0.000054182
498	0.97058	0.01402	0.00043368	0.000056038
499	0.96394	0.016542	0.00041665	0.000051854
500	0.95237	0.02061	0.00042936	0.000056978
501	0.94278	0.024076	0.00040974	0.000055993
502	0.92914	0.030086	0.00043598	0.000045863
503	0.91744	0.035463	0.00040944	0.000056482
504	0.89881	0.044696	0.00041435	0.000048197
505	0.88327	0.053395	0.0004259	0.000054718
506	0.85654	0.068821	0.00036666	0.000053514
507	0.82846	0.082427	0.00041461	0.000048922
508	0.78389	0.10843	0.00034775	0.00004031
509	0.74275	0.13167	0.00036365	0.000043054
510	0.67298	0.17015	0.00038382	0.000043834
511	0.61692	0.20614	0.00039181	0.000041957
512	0.52565	0.26258	0.00033542	0.000047578
513	0.45768	0.31015	0.00037109	0.000042674
514	0.36236	0.38267	0.00036399	0.000040272
515	0.29851	0.43635	0.00035966	0.000041087
516	0.21881	0.51516	0.00041341	0.000037893
517	0.17104	0.57437	0.00036772	0.000037439
518	0.11659	0.65921	0.00039107	0.000043774
519	0.087247	0.71501	0.00037158	0.000038788
520	0.056498	0.77847	0.00037833	0.000047551
521	0.042305	0.81978	0.00034954	0.000039555
522	0.029836	0.86383	0.00041126	0.000040292
523	0.024745	0.8885	0.00040603	0.000044456
524	0.020809	0.90963	0.00039246	0.000039701
525	0.019316	0.92351	0.00042726	0.000038292
526	0.01823	0.93336	0.00040217	0.000040741
527	0.016854	0.94248	0.00035483	0.000041539
528	0.015714	0.94702	0.00035021	0.000038899
529	0.013933	0.95184	0.00038811	0.000043294
530	0.012621	0.95472	0.00035615	0.000043853
531	0.010667	0.96145	0.00036132	0.000043645
532	0.0092694	0.96107	0.00038115	0.000041619
533	0.0075442	0.96251	0.00040371	0.000038921
534	0.0064488	0.96329	0.00036626	0.000037571
535	0.00508	0.96354	0.00038121	0.000045352
536	0.0042843	0.96265	0.00033741	0.000039032
537	0.0033513	0.96066	0.00037411	0.00003445
538	0.0027996	0.95766	0.00033587	0.000041317
539	0.0021761	0.95441	0.00032562	0.000033638
540	0.0018318	0.94975	0.00035951	0.000034883
541	0.0014332	0.9458	0.00033816	0.000040393
542	0.0012218	0.93991	0.00035882	0.000034017
543	0.00098191	0.93639	0.00035333	0.000035315
544	0.00083914	0.93095	0.00038219	0.000032818
545	0.0006923	0.9287	0.00034358	0.000031197
546	0.00060574	0.9289	0.0003739	0.000035289
547	0.0005094	0.92786	0.00034494	0.000035877
548	0.00045776	0.92957	0.00036279	0.000039266
549	0.00039399	0.93688	0.00038015	0.000040114
550	0.00035604	0.93995	0.00033632	0.000039324
551	0.00031421	0.94992	0.00038955	0.000037799
552	0.00028373	0.95759	0.00037147	0.000049657
553	0.00024832	0.96706	0.00033378	0.00004043
554	0.00022561	0.9759	0.00034229	0.000048993
555	0.00019537	0.98627	0.00034484	0.000041996
556	0.00017528	0.99013	0.00039037	0.000045777
557	0.00015017	0.99641	0.00037059	0.000039151
558	0.00013304	0.99792	0.00037022	0.000040407
559	0.00011193	0.9999	0.00040017	0.000036459
560	0.00009844	1	0.00042432	0.000041278
561	0.000080327	0.99422	0.00039698	0.000037222
562	0.000069584	0.9914	0.00042931	0.000033703
563	0.000056806	0.98428	0.00042411	0.000035065
564	0.000048852	0.98075	0.00043445	0.000031676
565	0.000039574	0.97612	0.00040699	0.000033626
566	0.000033759	0.97014	0.00045453	0.000031938
567	0.000026699	0.96594	0.00046868	0.000038801
568	0.000022797	0.96445	0.00048654	0.000043704
569	0.000018409	0.95977	0.00045971	0.000049954
570	0.000015744	0.95938	0.00045713	0.000055477
571	0.00001301	0.9579	0.00045165	0.00006351
572	0.000011665	0.95915	0.0004863	0.000069128
573	0.000010071	0.95994	0.00048307	0.00006624
574	9.39E-06	0.96094	0.00053661	0.000057041
575	8.81E-06	0.96104	0.00058914	0.000039233
576	8.50E-06	0.9616	0.00063641	0.000033992
577	8.70E-06	0.96352	0.00067297	0.00003363
578	0.000009123	0.96255	0.00072319	0.000031676
579	9.77E-06	0.9607	0.00079417	0.000030515
580	0.000010666	0.95858	0.00083149	0.000031793
581	0.000011706	0.95561	0.00091664	0.000026545
582	0.000012416	0.9501	0.0010028	0.000028222
583	0.000013605	0.94279	0.001106	0.00002539
584	0.000014355	0.9378	0.001183	0.000026036
585	0.000016	0.92973	0.0013279	0.000024907
586	0.000017149	0.92827	0.0014599	0.000025744
587	0.00001852	0.92251	0.0016957	0.000022983
588	0.000019139	0.92135	0.0019211	0.000025848
589	0.000019783	0.92171	0.002171	0.000023948
590	0.000019846	0.92602	0.0025371	0.000024268
591	0.000019672	0.93008	0.0028347	0.000026154
592	0.000019025	0.93329	0.0033075	0.000027313
593	0.000018609	0.93013	0.00376	0.000026988
594	0.000017656	0.90929	0.0044597	0.000023617
595	0.000016881	0.87748	0.0051192	0.000027784
596	0.000015433	0.80075	0.0062157	0.00002626
597	0.00001431	0.72255	0.0070861	0.000027441
598	0.00001244	0.59433	0.008545	0.000023651
599	0.000011306	0.49916	0.0099495	0.000024588
600	9.98E-06	0.37411	0.012285	0.000026175
601	0.000008858	0.29825	0.014334	0.00002752
602	7.81E-06	0.21343	0.017576	0.000027698
603	6.93E-06	0.16802	0.020715	0.000024147
604	5.86E-06	0.11979	0.025666	0.00002763
605	5.30E-06	0.094908	0.03042	0.000025773
606	4.56E-06	0.06926	0.038134	0.000026219
607	3.94E-06	0.055786	0.044774	0.000027293
608	3.09E-06	0.041636	0.056662	0.000030664
609	0.000002687	0.034244	0.067225	0.000024342
610	2.15E-06	0.026194	0.08454	0.00002525
611	1.88E-06	0.02189	0.10035	0.000028137
612	1.57E-06	0.017029	0.12715	0.000031684
613	1.46E-06	0.01431	0.145500483	0.000028043
614	1.19E-06	0.011313	0.176067931	0.000028015
615	1.09E-06	0.0096063	0.200662418	0.000028717
616	1.01E-06	0.0075563	0.239155233	0.000027113
617	1.04E-06	0.0063964	0.266878809	0.000029758
618	1.26E-06	0.0050133	0.310847252	0.000028674
619	1.56E-06	0.0042543	0.339829556	0.000028224
620	2.15E-06	0.0032826	0.382466451	0.000030582
621	2.74E-06	0.0027752	0.40896187	0.000026548
622	3.58E-06	0.0021079	0.445193354	0.000029017
623	4.27E-06	0.0017505	0.4642143	0.000025777
624	5.15E-06	0.0013385	0.49072212	0.000030905
625	5.63E-06	0.0011476	0.586784	0.000028499
626	6.11E-06	0.00090412	0.698605101	0.0000294
627	6.27E-06	0.00076983	0.802609114	0.000027658
628	0.000006149	0.00064429	0.84698	0.000031325
629	5.82E-06	0.00056928	0.86647	0.000030304
630	0.000005442	0.00050107	0.89075	0.000029056
631	5.08E-06	0.00045392	0.90288	0.000030123
632	4.36E-06	0.00041262	0.91773	0.000029375
633	4.19E-06	0.00036568	0.92584	0.000026826
634	0.000003717	0.00034378	0.93523	0.000029961
635	3.66E-06	0.00036283	0.93902	0.000027068
636	3.39E-06	0.00032988	0.94239	0.000033662
637	3.39E-06	0.00033311	0.94529	0.000028913
638	3.25E-06	0.00030429	0.94812	0.000032552
639	3.33E-06	0.0002993	0.94923	0.000029601
640	3.14E-06	0.00029165	0.95041	0.000033647
641	3.16E-06	0.00029875	0.95042	0.000031615
642	0.000002749	0.00027902	0.95036	0.000028742
643	2.84E-06	0.00026848	0.94976	0.000036441
644	2.97E-06	0.00026619	0.95116	0.000030986
645	2.68E-06	0.0002638	0.95093	0.000034393
646	2.81E-06	0.00028155	0.95049	0.000035505
647	2.68E-06	0.00026027	0.95016	0.000032918
648	3.12E-06	0.00026195	0.95008	0.000032199
649	2.83E-06	0.00025252	0.94884	0.000033224
650	2.99E-06	0.00025409	0.94968	0.000032951
651	2.97E-06	0.00023537	0.94917	0.000033332
652	2.50E-06	0.00022738	0.95102	0.000034948
653	2.50E-06	0.00025044	0.94988	0.00003746
654	2.55E-06	0.00023168	0.95068	0.000036197
655	2.54E-06	0.00022791	0.95191	0.000035554
656	2.39E-06	0.00023072	0.95229	0.000035392
657	2.46E-06	0.00023778	0.9534	0.000032695
658	2.48E-06	0.00022147	0.95338	0.000036898
659	2.33E-06	0.0002242	0.95212	0.000037638
660	2.40E-06	0.00022841	0.9527	0.000038154
661	2.22E-06	0.00022987	0.95443	0.000040172
662	1.87E-06	0.00020693	0.95396	0.000039044
663	2.09E-06	0.00020155	0.95427	0.000040931
664	1.97E-06	0.0002017	0.95497	0.000041924
665	0.00000208	0.00021012	0.95476	0.000038116
666	1.86E-06	0.00022511	0.95468	0.000043469
667	1.68E-06	0.00021029	0.95552	0.000041237
668	1.75E-06	0.0001955	0.95531	0.000043488
669	1.64E-06	0.00019971	0.95449	0.000045553
670	1.42E-06	0.00020255	0.95501	0.000041603
671	1.52E-06	0.00019857	0.95431	0.000044927
672	0.000001365	0.0001987	0.95357	0.000050544
673	1.48E-06	0.0001988	0.95408	0.00004487
674	1.21E-06	0.00019078	0.95378	0.000048375
675	1.18E-06	0.0001923	0.9545	0.000050599
676	1.13E-06	0.00019104	0.95375	0.000048776
677	1.02E-06	0.00019953	0.95356	0.000048628
678	1.11E-06	0.00019705	0.95487	0.000053519
679	8.80E-07	0.00016122	0.95354	0.000053768
680	9.05E-07	0.00020831	0.9533	0.000053193
681	8.53E-07	0.00017837	0.95417	0.000054578
682	8.93E-07	0.00018965	0.95658	0.000058309
683	9.41E-07	0.00019269	0.95658	0.000060498
684	8.83E-07	0.00019026	0.95969	0.000060206
685	7.50E-07	0.00016407	0.96217	0.000068417
686	7.32E-07	0.00017283	0.96587	0.000071675
687	6.70E-07	0.00018006	0.96996	0.000065698
688	7.55E-07	0.00017878	0.97192	0.000074711
689	5.99E-07	0.00016638	0.97564	0.000071375
690	6.83E-07	0.00018489	0.98015	0.000079381
691	6.06E-07	0.00015712	0.98437	0.000089253
692	6.96E-07	0.00016856	0.98837	0.000083236
693	6.04E-07	0.00016169	0.99202	0.000082122
694	6.98E-07	0.00013567	0.99675	0.00009015
695	7.25E-07	0.00017493	0.99945	0.000090619
696	6.74E-07	0.00017244	1	0.000090047
697	5.81E-07	0.00018258	0.99726	0.000098493
698	6.29E-07	0.00016862	0.98739	0.00010154
699	6.24E-07	0.00015616	0.97415	0.00010849
700	5.52E-07	0.00013119	0.9474	0.00010747
701	6.81E-07	0.00014522	0.914586872	0.00010883
702	6.29E-07	0.000087489	0.77540026	0.00011432
703	6.85E-07	0.00014704	0.65196	0.00012566
704	6.13E-07	0.0001192	0.516063626	0.0001271
705	7.73E-07	0.00012486	0.4907644	0.0001265
706	7.08E-07	0.00012879	0.440612395	0.00013295
707	7.09E-07	0.0001147	0.404501353	0.00013898
708	8.29E-07	0.00011944	0.347439371	0.00014062
709	6.98E-07	0.00014524	0.292719925	0.00014003
710	7.79E-07	0.00011877	0.259094912	0.00015671
711	1.18E-06	0.00012252	0.215052137	0.00015941
712	9.32E-07	0.00013112	0.188437362	0.00017028
713	1.19E-06	0.00012449	0.154394648	0.00017757
714	1.36E-06	0.00013657	0.134703246	0.00018139
715	1.39E-06	0.00013892	0.10962	0.00020345
716	1.44E-06	0.00014186	0.093537	0.0002075
717	1.49E-06	0.00015141	0.075487	0.00022648
718	1.76E-06	0.00015312	0.065014	0.00023935
719	1.93E-06	0.00016073	0.053104	0.0002556
720	2.09E-06	0.00014787	0.046257	0.00026932
721	2.75E-06	0.00015551	0.038106	0.00029947
722	2.78E-06	0.00016879	0.033287	0.00031841
723	3.27E-06	0.00016909	0.027788	0.0003455
724	4.38E-06	0.00020793	0.023297	0.00038192
725	4.58E-06	0.00018012	0.020604	0.00041327
726	5.82E-06	0.00019083	0.017635	0.00045927
727	6.80E-06	0.00019242	0.01578	0.00049289
728	8.24E-06	0.00023571	0.013391	0.00054444
729	9.55E-06	0.00023172	0.012265	0.00058391
730	0.000012241	0.00026065	0.01061	0.0006593
731	0.000014434	0.00024755	0.0095825	0.00072337
732	0.000018862	0.00023283	0.0085343	0.0008247
733	0.000021088	0.00022884	0.0078714	0.00089118
734	0.000026143	0.00026545	0.0069912	0.0010361
735	0.000029384	0.000239	0.0064681	0.0011338
736	0.000031757	0.00022994	0.0057825	0.0012868
737	0.000031795	0.00021394	0.0052858	0.0015149
738	0.000030509	0.00022931	0.0049565	0.0016876
739	0.000027758	0.00023885	0.0046004	0.0019893
740	0.000024411	0.00028943	0.0043178	0.0022478
741	0.000020506	0.00027639	0.0040475	0.0026844
742	0.000018182	0.00031024	0.0037732	0.0030482
743	0.000014703	0.00029561	0.0034114	0.0036146
744	0.000012993	0.00027333	0.0033742	0.004144
745	0.000011022	0.00032307	0.003146	0.0050157
746	0.000010043	0.00034492	0.0030011	0.0057602
747	8.33E-06	0.00035438	0.0027655	0.007066
748	7.18E-06	0.00037991	0.002713	0.0086931
749	6.54E-06	0.00031078	0.0027138	0.010126
750	5.85E-06	0.00036723	0.0025272	0.012536
751	5.36E-06	0.00033344	0.0024836	0.014789
752	5.33E-06	0.00037904	0.0023691	0.018473
753	4.89E-06	0.00040859	0.002355	0.021968
754	4.57E-06	0.00049303	0.0023291	0.027819
755	0.000004055	0.00040207	0.002317	0.033278
756	3.98E-06	0.00043565	0.0023675	0.042757
757	3.72E-06	0.00053904	0.0021743	0.051572
758	4.02E-06	0.0004327	0.0021952	0.067143
759	3.39E-06	0.00056074	0.0022253	0.08799
760	4.12E-06	0.00045941	0.0022566	0.10766
761	0.000003173	0.00041026	0.0021095	0.14156
762	3.49E-06	0.00044032	0.0021261	0.17373
763	3.06E-06	0.00053308	0.0021274	0.22657
764	3.39E-06	0.00050563	0.0021306	0.2739
765	3.78E-06	0.00052338	0.0021174	0.34855
766	3.58E-06	0.00048909	0.0020881	0.41042
767	3.41E-06	0.00048493	0.00206	0.50009
768	4.25E-06	0.00053872	0.0021526	0.5925
769	3.68E-06	0.00059743	0.0020624	0.65823
770	4.50E-06	0.00057717	0.002155	0.74307
771	4.41E-06	0.0004119	0.0022025	0.79848
772	4.66E-06	0.00044546	0.0022658	0.86325
773	5.09E-06	0.00044711	0.0020824	0.90131
774	4.55E-06	0.00074154	0.0022066	0.94156
775	0.000004617	0.00062898	0.0023587	0.95796
776	5.30E-06	0.00039476	0.0023721	0.97041
777	6.16E-06	0.00053456	0.0022532	0.97522
778	5.63E-06	0.00055165	0.0024511	0.97369
779	6.22E-06	0.00079718	0.0024221	0.96896
780	6.35E-06	0.00058482	0.002497	0.96439
781	0.000006657	0.00072089	0.0028742	0.9589
782	7.77E-06	0.00066496	0.0027095	0.95825
783	9.18E-06	0.00071551	0.0025105	0.95715
784	8.73E-06	0.00072025	0.0027647	0.95604
785	8.27E-06	0.00074756	0.0027208	0.95814
786	9.49E-06	0.0007777	0.0028227	0.96229
787	0.000011825	0.00079357	0.0027926	0.96627
788	0.000011687	0.00072759	0.0030832	0.97159
789	0.00001228	0.00085007	0.0030914	0.97461
790	0.000013138	0.00069527	0.0031791	0.98035
791	0.00001578	0.0010472	0.0031907	0.98562
792	0.00001615	0.00091168	0.0031979	0.99067
793	0.000017947	0.0013201	0.0030059	0.99037
794	0.000018405	0.0010714	0.0033858	0.99718
795	0.000021271	0.0010522	0.0035196	0.99541
796	0.000021709	0.0011597	0.0034665	0.99618
797	0.000025504	0.0013033	0.0033004	1
798	0.00002826	0.0012132	0.0033616	0.99603
799	0.000030349	0.0011872	0.0031339	0.99572
800	0.000031761	0.0012011	0.0034387	0.99674
801	0.000032193	0.0010613	0.0034486	0.99521
802	0.000034244	0.001509	0.0035784	0.99331
803	0.00003631	0.0012697	0.003575	0.98662
804	0.000038482	0.0012274	0.0032056	0.98389
805	0.000039169	0.0013591	0.0033298	0.97902
806	0.000039821	0.0014037	0.0031856	0.97409
807	0.00004167	0.0014787	0.0035538	0.9718
808	0.000043689	0.001298	0.0032464	0.96613
809	0.000043937	0.0012764	0.0034499	0.96084
810	0.000044755	0.0011613	0.0033636	0.9569
811	0.000048309	0.0015047	0.0035029	0.95037
812	0.00004769	0.0013671	0.0032591	0.95003
813	0.000045815	0.0012682	0.0034449	0.94401
814	0.000045377	0.00094893	0.0037745	0.93808
815	0.000045661	0.0014477	0.0035078	0.93559
816	0.000043503	0.0011054	0.0030549	0.9311
817	0.000040782	0.001254	0.0030869	0.92742
818	0.000043111	0.0015967	0.0033712	0.92301
819	0.00004164	0.0019285	0.002886	0.9153
820	0.000040377	0.0020342	0.003546	0.91368
821	0.000039223	0.0026445	0.0033265	0.91046
822	0.000039798	0.0026014	0.0031583	0.90787
823	0.000037513	0.003158	0.0030876	0.90265
824	0.00003804	0.0033095	0.0032746	0.89972
825	0.000033573	0.0028543	0.0033543	0.89743
826	0.000035518	0.0032118	0.0033789	0.89348
827	0.000032483	0.0025677	0.003402	0.88985
828	0.000028606	0.0026049	0.0028401	0.88438
829	0.000031284	0.0024707	0.0032844	0.8802
830	0.00003077	0.0020548	0.0033582	0.87419
831	0.000029588	0.0023207	0.0033997	0.86845
832	0.000027486	0.0019914	0.0032038	0.86617
833	0.000027739	0.0020557	0.0033844	0.85739
834	0.000025752	0.0019033	0.0033077	0.85377
835	0.000025362	0.0021631	0.003574	0.84772
836	0.000023777	0.0023237	0.0030951	0.845
837	0.000023008	0.0027114	0.0029907	0.83849
838	0.000023333	0.0027588	0.0027981	0.83553
839	0.000019536	0.0019248	0.0033603	0.83022
840	0.000020418	0.0028242	0.0031054	0.82107
841	0.000018897	0.0029006	0.0033979	0.81913
842	0.000016711	0.0027923	0.0031068	0.81318
843	0.000019411	0.0029601	0.0031461	0.80744
844	0.000017009	0.003312	0.0030542	0.8006
845	0.000015772	0.0033634	0.0030099	0.79289
846	0.000014628	0.0035882	0.0030872	0.7886
847	0.000013383	0.0035395	0.0030662	0.78149
848	0.000013059	0.0037452	0.0030929	0.77607
849	0.000012723	0.0040419	0.0030597	0.76884
850	0.000012273	0.0037528	0.0027739	0.7624
851	0.000010962	0.0043082	0.0027569	0.75687
852	9.53E-06	0.0041714	0.0029412	0.7497
853	0.000010172	0.0041419	0.0028641	0.74317
854	8.73E-06	0.0040315	0.0028885	0.73525
855	8.93E-06	0.0039329	0.0029449	0.7308
856	8.11E-06	0.0041755	0.0030764	0.72393
857	8.02E-06	0.0035944	0.0025415	0.71751
858	6.62E-06	0.0034	0.0027188	0.7116
859	5.41E-06	0.0033926	0.0027921	0.70431
860	5.94E-06	0.0033421	0.0028756	0.69747
861	6.22E-06	0.0031138	0.0027097	0.69301
862	5.24E-06	0.0030777	0.0025612	0.68565
863	0.000005936	0.0032544	0.0026945	0.67982
864	5.51E-06	0.0030065	0.0026649	0.67678
865	5.41E-06	0.0030777	0.0026022	0.67021
866	4.94E-06	0.0031024	0.0025176	0.6653
867	4.51E-06	0.0029034	0.0025305	0.65996
868	5.08E-06	0.0031831	0.0028539	0.65454
869	5.05E-06	0.0030832	0.0025001	0.65081
870	4.58E-06	0.0030304	0.002225	0.64622
871	5.65E-06	0.0025302	0.0021874	0.64168
872	5.27E-06	0.0027994	0.0024117	0.63657
873	5.40E-06	0.0027585	0.0024805	0.63259
874	5.76E-06	0.0026885	0.0025002	0.62737
875	7.38E-06	0.0024879	0.0026485	0.62158
876	7.16E-06	0.0026325	0.0022407	0.61855
877	8.08E-06	0.002516	0.0025973	0.61294
878	8.34E-06	0.0028701	0.0024757	0.60855
879	9.00E-06	0.0028123	0.0021291	0.60143
880	9.59E-06	0.0024535	0.0024052	0.59532
881	0.000010427	0.0027012	0.0022749	0.59082
882	0.000011237	0.0018767	0.0023654	0.58297
883	0.000012936	0.0024285	0.0023359	0.57604
884	0.00001287	0.0027293	0.0020104	0.5693
885	0.000015494	0.002613	0.0020696	0.56342
886	0.000016418	0.0021909	0.00234	0.55616
887	0.000018841	0.0026373	0.0021357	0.54877
888	0.000019886	0.0021991	0.0022162	0.54214
889	0.000021001	0.0024213	0.0021784	0.53414
890	0.000022097	0.001917	0.0023162	0.52701
891	0.000021668	0.0019923	0.0020382	0.52116
892	0.000024728	0.0019713	0.0020166	0.51609
893	0.000023853	0.0017042	0.0022509	0.50903
894	0.000024018	0.0017521	0.002435	0.50312
895	0.000024439	0.0015892	0.0021913	0.4982
896	0.000021289	0.0014772	0.0021003	0.49287
897	0.000021329	0.001303	0.0021047	0.48729
898	0.000021962	0.0012973	0.0024376	0.47789
899	0.000018877	0.0011024	0.0024039	0.46814
900	0.000019001	0.0012349	0.0021588	0.45795
901	0.00001928	0.0014612	0.0020681	0.44154
902	0.000018275	0.0013727	0.0023411	0.4249
903	0.000015657	0.0012398	0.0021157	0.39975
904	0.000015969	0.0011504	0.0023683	0.37474
905	0.000015248	0.0011757	0.0024376	0.33788
906	0.000011592	0.0012951	0.0019683	0.30013
907	0.000013899	0.0014284	0.0018293	0.27011
908	0.000011854	0.0013485	0.0022783	0.23147
909	0.000010232	0.0011279	0.0021931	0.2025
910	0.000011148	0.00097345	0.0019621	0.16802
911	0.000011859	0.0011572	0.0020539	0.13719
912	0.000012484	0.0010419	0.0022203	0.11769
913	0.000011103	0.0013491	0.002384	0.095596
914	0.000011087	0.0010393	0.0021389	0.082037
915	0.000012462	0.0013269	0.0026755	0.066475
916	8.35E-06	0.0012774	0.0023229	0.053547
917	0.000010437	0.0013611	0.0019693	0.0455
918	9.56E-06	0.0010668	0.0017003	0.036932
919	0.000011712	0.0014051	0.0020643	0.032059
920	7.65E-06	0.00090956	0.0020974	0.026528
921	8.70E-06	0.0012584	0.0021568	0.02199
922	9.66E-06	0.0014377	0.0020575	0.019271
923	9.24E-06	0.0011758	0.0024954	0.01596
924	0.000010655	0.0013638	0.0023492	0.01407
925	7.35E-06	0.0014706	0.0019668	0.011797
926	0.000011609	0.001631	0.001727	0.010161
927	0.000011557	0.0010323	0.0021565	0.0090726
928	9.53E-06	0.0013461	0.0021871	0.0079043
929	0.000006851	0.001419	0.0019925	0.007124
930	0.000010485	0.0013826	0.0021994	0.0061185
931	8.05E-06	0.0015508	0.002178	0.0056093
932	0.000011879	0.0012613	0.0022056	0.005031
933	0.000010948	0.0013289	0.0022526	0.0045028
934	0.000012656	0.001515	0.0018834	0.0041206
935	5.35E-06	0.0016333	0.0018826	0.0037033
936	0.000011477	0.0015649	0.0019008	0.0034323
937	0.000012577	0.001291	0.0020466	0.0030561
938	0.000013291	0.0016654	0.0020534	0.0028317
939	0.000011468	0.0014039	0.0020904	0.002602
940	0.000016531	0.0019774	0.0020507	0.002451
941	0.000012265	0.0016574	0.0023137	0.0022753
942	0.000011893	0.0016865	0.0020162	0.0020825
943	0.000014408	0.0016641	0.0021563	0.0018835
944	0.000014029	0.0019352	0.0020975	0.0017856
945	0.000017551	0.0019001	0.0022021	0.0016672
946	0.000014197	0.0018802	0.002088	0.0015892
947	0.00001149	0.0019266	0.0019417	0.0015363
948	0.000014601	0.0019316	0.0016967	0.0013184
949	0.000012978	0.0023202	0.0019757	0.0012393
950	0.00001521	0.0021335	0.0019291	0.0011418
951	0.000011159	0.0023292	0.0017739	0.0011161
952	0.000012243	0.0023516	0.0020186	0.0010425
953	0.000013224	0.002481	0.0014171	0.0009875
954	0.000011968	0.002635	0.0015901	0.00095379
955	0.000013103	0.002413	0.0017366	0.00084866
956	0.000010553	0.002568	0.0017095	0.00084455
957	0.000010991	0.0026178	0.001689	0.00078134
958	0.000011772	0.0023867	0.00146	0.00073541
959	0.000012533	0.0025826	0.0016062	0.00073829
960	0.000009015	0.0026317	0.0014742	0.00069892
961	0.000011521	0.002603	0.0015209	0.00068555
962	9.70E-06	0.0026343	0.0016203	0.00068223
963	0.000011398	0.0026089	0.0016151	0.00058578
964	0.000012201	0.0025635	0.0014286	0.00059256
965	0.0000111	0.0024096	0.0015793	0.00059779
966	0.00001225	0.0025914	0.0015705	0.00059684
967	0.000011912	0.0022292	0.0016079	0.00054772
968	0.000011168	0.0020821	0.0016946	0.00052555
969	0.00001154	0.0018	0.0015176	0.00052648
970	9.15E-06	0.0018373	0.0014691	0.00052228
971	0.000011654	0.0016434	0.0014614	0.00048837
972	9.28E-06	0.0016766	0.0014882	0.00045991
973	0.000011846	0.0015564	0.0014164	0.00041816
974	9.04E-06	0.0013183	0.0015513	0.00043924
975	9.74E-06	0.0012917	0.0014703	0.00042266
976	9.47E-06	0.0013623	0.0013129	0.00039877
977	0.00001031	0.0011104	0.0015947	0.00038181
978	0.000010814	0.0013251	0.0012771	0.0004194
979	0.000011905	0.0012095	0.001394	0.00038758
980	0.000011125	0.00085935	0.0013681	0.0003669
981	0.000010485	0.00099009	0.0014632	0.00034332
982	0.000011317	0.00093691	0.0013454	0.00034293
983	0.000012593	0.00080153	0.0013817	0.00031386
984	0.00001182	0.00088703	0.0015397	0.0003252
985	0.000012571	0.00076521	0.0016446	0.00034476
986	0.000013093	0.00064911	0.001316	0.00033436
987	0.000013643	0.00068448	0.0017009	0.00033541
988	0.000015002	0.00071664	0.0015095	0.00029901
989	0.000013625	0.00078179	0.0014377	0.00033182
990	0.000013715	0.0008191	0.0015763	0.00030808
991	0.000013539	0.00080654	0.0014424	0.00030165
992	0.000014812	0.00067147	0.0015483	0.00029985
993	0.000013491	0.00062941	0.0016404	0.00026321
994	0.000013373	0.00069825	0.0014551	0.00026375
995	0.000012624	0.00066021	0.001477	0.00025568
996	0.000013265	0.00056755	0.0016754	0.000271
997	0.000013527	0.00075714	0.001682	0.0002714
998	0.000012537	0.00064742	0.0017215	0.00027189
999	0.000012538	0.00073123	0.0015658	0.00027348
1000	0.000012784	0.00067985	0.0014659	0.0002204
1001	0.000013629	0.00066834	0.0016231	0.00023798
1002	0.000013944	0.00057652	0.0014704	0.00022057
1003	0.000014934	0.0005955	0.0013572	0.00023199
1004	0.000014208	0.00061205	0.001386	0.00024156
1005	0.000015917	0.00056966	0.0013603	0.00024416
1006	0.000015902	0.00058949	0.0014216	0.00018863
1007	0.000017699	0.00061762	0.0013592	0.00025359
1008	0.000016907	0.00072656	0.0012721	0.00022061
1009	0.000018483	0.00071454	0.0013725	0.00021393
1010	0.000021441	0.0006715	0.0013528	0.00021391
1011	0.000022937	0.00080639	0.0014318	0.00021198
1012	0.000021825	0.00077424	0.0011983	0.00020893
1013	0.000021923	0.00075885	0.0012258	0.0002163
1014	0.00002506	0.0006836	0.0011633	0.00018755
1015	0.000028688	0.00069534	0.0010943	0.0002055
1016	0.000027533	0.00061664	0.0011358	0.00018886
1017	0.0000305	0.00075164	0.0010673	0.00019636
1018	0.000028325	0.00090994	0.0010482	0.00018776
1019	0.000028842	0.00071892	0.0010727	0.00018767
1020	0.000034747	0.00080213	0.00096816	0.00018724
1021	0.000038979	0.00087978	0.0010951	0.00019943
1022	0.000036956	0.00088288	0.0010013	0.00016281
1023	0.000041773	0.00085513	0.00096307	0.00023148
1024	0.000041411	0.00092867	0.0010645	0.00020282
1025	0.000040549	0.0010853	0.00092561	0.00019081
1026	0.000034312	0.0012496	0.00095745	0.00015591
1027	0.000043845	0.0013548	0.00093901	0.00019817
1028	0.000045945	0.0014153	0.00086794	0.00018585
1029	0.000040839	0.0013231	0.0008024	0.00016944
1030	0.000044228	0.001632	0.00090803	0.00019554
1031	0.000047396	0.0017622	0.0010147	0.00021339
1032	0.000042684	0.0016503	0.00086925	0.00018801
1033	0.000038874	0.0019445	0.0008813	0.00020457
1034	0.00004053	0.0022768	0.00092492	0.00019555
1035	0.000042023	0.0022694	0.00099685	0.00018693
1036	0.000039008	0.0026221	0.00097646	0.00017778
1037	0.000037303	0.0026169	0.00093058	0.0001761
1038	0.00003574	0.0027252	0.00086663	0.00018566
1039	0.000030557	0.0028438	0.00084408	0.00019524
1040	0.000033537	0.0032065	0.00098907	0.00018407