400	0.0014	1.00E-04	1.00E-04	2.00E-04
401	0.0012	1.00E-04	1.00E-04	2.00E-04
402	0.0011	1.00E-04	1.00E-04	1.00E-04
403	1.00E-03	1.00E-04	1.00E-04	1.00E-04
404	9.00E-04	1.00E-04	1.00E-04	1.00E-04
405	7.00E-04	1.00E-04	1.00E-04	1.00E-04
406	6.00E-04	1.00E-04	1.00E-04	1.00E-04
407	5.00E-04	1.00E-04	1.00E-04	1.00E-04
408	4.00E-04	1.00E-04	1.00E-04	1.00E-04
409	2.00E-04	1.00E-04	1.00E-04	1.00E-04
410	1.00E-04	1.00E-04	1.00E-04	1.00E-04
411	1.00E-04	1.00E-04	1.00E-04	1.00E-04
412	2.00E-04	1.00E-04	1.00E-04	1.00E-04
413	2.00E-04	1.00E-04	1.00E-04	1.00E-04
414	2.00E-04	1.00E-04	1.00E-04	1.00E-04
415	3.00E-04	1.00E-04	1.00E-04	1.00E-04
416	3.00E-04	1.00E-04	1.00E-04	1.00E-04
417	3.00E-04	1.00E-04	1.00E-04	1.00E-04
418	3.00E-04	1.00E-04	0	1.00E-04
419	4.00E-04	1.00E-04	0	1.00E-04
420	4.00E-04	1.00E-04	0	1.00E-04
421	4.00E-04	1.00E-04	0	1.00E-04
422	5.00E-04	1.00E-04	0	1.00E-04
423	5.00E-04	1.00E-04	0	1.00E-04
424	5.00E-04	1.00E-04	0	1.00E-04
425	6.00E-04	1.00E-04	0	1.00E-04
426	6.00E-04	1.00E-04	0	1.00E-04
427	7.00E-04	1.00E-04	0	1.00E-04
428	7.00E-04	1.00E-04	0	1.00E-04
429	7.00E-04	1.00E-04	0	1.00E-04
430	8.00E-04	1.00E-04	0	1.00E-04
431	7.00E-04	1.00E-04	0	1.00E-04
432	7.00E-04	1.00E-04	0	1.00E-04
433	6.00E-04	1.00E-04	0	1.00E-04
434	5.00E-04	1.00E-04	0	1.00E-04
435	5.00E-04	1.00E-04	0	1.00E-04
436	4.00E-04	1.00E-04	0	1.00E-04
437	4.00E-04	1.00E-04	0	1.00E-04
438	3.00E-04	1.00E-04	0	1.00E-04
439	3.00E-04	1.00E-04	0	1.00E-04
440	2.00E-04	1.00E-04	0	1.00E-04
441	2.00E-04	1.00E-04	0	1.00E-04
442	3.00E-04	1.00E-04	0	1.00E-04
443	3.00E-04	1.00E-04	0	1.00E-04
444	4.00E-04	1.00E-04	0	1.00E-04
445	5.00E-04	0	0	1.00E-04
446	8.00E-04	0	0	1.00E-04
447	0.0012	0	0	1.00E-04
448	0.0016	0	0	1.00E-04
449	0.0024	0	0	1.00E-04
450	0.0039	0	0	1.00E-04
451	0.0075	0	0	1.00E-04
452	0.0154	1.00E-04	0	1.00E-04
453	0.0351	1.00E-04	0	1.00E-04
454	0.0871	1.00E-04	0	1.00E-04
455	0.2069	1.00E-04	0	1.00E-04
456	0.404	1.00E-04	0	1.00E-04
457	0.6401	1.00E-04	0	1.00E-04
458	0.8423	1.00E-04	0	1.00E-04
459	0.9574	1.00E-04	0	1.00E-04
460	0.9969	1.00E-04	0	1.00E-04
461	0.9784	3.00E-04	0	1.00E-04
462	0.9192	5.00E-04	0	1.00E-04
463	0.8528	7.00E-04	0	0
464	0.8295	9.00E-04	0	0
465	0.8358	1.00E-03	0	0
466	0.8416	0.0012	0	0
467	0.8544	0.0014	0	0
468	0.8759	0.0016	0	0
469	0.9022	0.0018	0	0
470	0.9219	0.002	0	0
471	0.9171	0.0019	0	0
472	0.8782	0.0018	0	0
473	0.8022	0.0017	0	0
474	0.6871	0.0017	0	0
475	0.5329	0.0016	0	0
476	0.3562	0.0015	0	0
477	0.1991	0.0015	0	0
478	0.0931	0.0014	0	0
479	0.0392	0.0013	0	0
480	0.017	0.0012	0	0
481	0.0079	0.0014	0	0
482	0.0039	0.0015	0	0
483	0.0021	0.0016	0	0
484	0.0012	0.0017	0	0
485	8.00E-04	0.0018	0	0
486	4.00E-04	0.002	0	0
487	2.00E-04	0.0021	0	0
488	1.00E-04	0.0022	0	0
489	1.00E-04	0.0023	0	0
490	1.00E-04	0.0024	0	0
491	1.00E-04	0.0022	0	0
492	1.00E-04	0.002	0	0
493	1.00E-04	0.0018	0	0
494	1.00E-04	0.0016	0	0
495	1.00E-04	0.0014	0	0
496	1.00E-04	0.0012	0	0
497	1.00E-04	1.00E-03	0	0
498	1.00E-04	7.00E-04	0	0
499	1.00E-04	5.00E-04	0	0
500	2.00E-04	3.00E-04	0	0
501	2.00E-04	3.00E-04	0	0
502	2.00E-04	3.00E-04	0	0
503	2.00E-04	4.00E-04	0	0
504	2.00E-04	4.00E-04	0	0
505	2.00E-04	4.00E-04	0	0
506	2.00E-04	4.00E-04	0	0
507	2.00E-04	4.00E-04	0	0
508	2.00E-04	4.00E-04	0	0
509	2.00E-04	5.00E-04	0	0
510	2.00E-04	5.00E-04	0	0
511	2.00E-04	5.00E-04	0	0
512	3.00E-04	5.00E-04	0	0
513	3.00E-04	5.00E-04	0	0
514	3.00E-04	6.00E-04	0	0
515	3.00E-04	6.00E-04	0	0
516	3.00E-04	6.00E-04	0	0
517	3.00E-04	6.00E-04	0	0
518	3.00E-04	7.00E-04	0	0
519	3.00E-04	7.00E-04	0	0
520	3.00E-04	7.00E-04	0	0
521	3.00E-04	6.00E-04	0	0
522	3.00E-04	5.00E-04	0	0
523	3.00E-04	4.00E-04	0	0
524	3.00E-04	3.00E-04	0	0
525	3.00E-04	2.00E-04	0	0
526	3.00E-04	2.00E-04	0	0
527	3.00E-04	2.00E-04	0	0
528	3.00E-04	2.00E-04	0	0
529	3.00E-04	2.00E-04	0	0
530	3.00E-04	3.00E-04	0	0
531	3.00E-04	4.00E-04	0	0
532	3.00E-04	4.00E-04	0	0
533	3.00E-04	5.00E-04	0	0
534	3.00E-04	7.00E-04	0	0
535	3.00E-04	9.00E-04	0	0
536	3.00E-04	0.0014	0	0
537	3.00E-04	0.0023	0	0
538	3.00E-04	0.0044	0	0
539	3.00E-04	0.0104	0	0
540	3.00E-04	0.0272	0	0
541	3.00E-04	0.071	0	0
542	3.00E-04	0.1645	0	0
543	3.00E-04	0.3193	0	0
544	3.00E-04	0.5197	0	0
545	3.00E-04	0.7286	0	0
546	3.00E-04	0.8848	0	0
547	3.00E-04	0.9626	0	0
548	3.00E-04	0.9888	0	0
549	3.00E-04	0.9969	0	0
550	3.00E-04	0.9997	0	0
551	3.00E-04	0.9955	0	0
552	4.00E-04	0.9875	0	0
553	4.00E-04	0.9759	0	0
554	4.00E-04	0.9706	0	0
555	4.00E-04	0.9698	0	0
556	5.00E-04	0.973	0	0
557	5.00E-04	0.9806	0	0
558	5.00E-04	0.985	0	0
559	5.00E-04	0.9805	0	0
560	6.00E-04	0.9627	0	0
561	7.00E-04	0.9115	0	0
562	8.00E-04	0.8043	0	0
563	1.00E-03	0.6449	0	0
564	0.0011	0.4478	0	0
565	0.0013	0.2437	0	0
566	0.0014	0.1011	0	0
567	0.0015	0.0359	0	0
568	0.0017	0.0126	0	0
569	0.0018	0.0049	0	0
570	0.002	0.0021	0	0
571	0.0019	9.00E-04	1.00E-04	0
572	0.0018	5.00E-04	1.00E-04	0
573	0.0017	2.00E-04	1.00E-04	0
574	0.0016	1.00E-04	1.00E-04	0
575	0.0015	1.00E-04	1.00E-04	0
576	0.0014	1.00E-04	1.00E-04	0
577	0.0013	1.00E-04	1.00E-04	0
578	0.0012	1.00E-04	1.00E-04	0
579	1.00E-03	1.00E-04	1.00E-04	0
580	9.00E-04	1.00E-04	1.00E-04	0
581	9.00E-04	0	1.00E-04	0
582	9.00E-04	0	1.00E-04	0
583	9.00E-04	0	1.00E-04	0
584	8.00E-04	0	1.00E-04	0
585	8.00E-04	1.00E-04	1.00E-04	0
586	8.00E-04	1.00E-04	1.00E-04	0
587	8.00E-04	1.00E-04	1.00E-04	0
588	7.00E-04	0	1.00E-04	0
589	7.00E-04	0	1.00E-04	0
590	7.00E-04	0	1.00E-04	0
591	6.00E-04	0	1.00E-04	0
592	6.00E-04	0	1.00E-04	0
593	5.00E-04	0	1.00E-04	0
594	5.00E-04	0	1.00E-04	1.00E-04
595	4.00E-04	0	1.00E-04	1.00E-04
596	4.00E-04	0	1.00E-04	1.00E-04
597	3.00E-04	0	1.00E-04	1.00E-04
598	3.00E-04	0	1.00E-04	1.00E-04
599	2.00E-04	0	1.00E-04	1.00E-04
600	2.00E-04	0	1.00E-04	1.00E-04
601	2.00E-04	0	1.00E-04	1.00E-04
602	2.00E-04	0	1.00E-04	1.00E-04
603	1.00E-04	0	1.00E-04	1.00E-04
604	1.00E-04	0	1.00E-04	1.00E-04
605	1.00E-04	0	1.00E-04	1.00E-04
606	1.00E-04	0	2.00E-04	1.00E-04
607	1.00E-04	0	2.00E-04	1.00E-04
608	1.00E-04	0	3.00E-04	1.00E-04
609	1.00E-04	0	5.00E-04	1.00E-04
610	0	0	9.00E-04	1.00E-04
611	0	0	0.0018	1.00E-04
612	0	0	0.0029	1.00E-04
613	0	0	0.0042	1.00E-04
614	0	0	0.0089	1.00E-04
615	1.00E-04	0	0.016	1.00E-04
616	1.00E-04	0	0.0477	1.00E-04
617	1.00E-04	0	0.0836	1.00E-04
618	1.00E-04	0	0.126	1.00E-04
619	1.00E-04	0	0.232	1.00E-04
620	1.00E-04	0	0.3509	1.00E-04
621	1.00E-04	0	0.4687	2.00E-04
622	1.00E-04	0	0.5852	2.00E-04
623	1.00E-04	0	0.6925	2.00E-04
624	1.00E-04	0	0.7218	2.00E-04
625	1.00E-04	0	0.7367	2.00E-04
626	1.00E-04	0	0.7386	2.00E-04
627	1.00E-04	0	0.7392	2.00E-04
628	1.00E-04	0	0.74	2.00E-04
629	1.00E-04	0	0.7411	2.00E-04
630	1.00E-04	0	0.7422	2.00E-04
631	1.00E-04	0	0.7451	2.00E-04
632	1.00E-04	0	0.7482	3.00E-04
633	1.00E-04	0	0.7511	3.00E-04
634	1.00E-04	0	0.7561	3.00E-04
635	1.00E-04	0	0.7619	3.00E-04
636	1.00E-04	0	0.7682	3.00E-04
637	1.00E-04	0	0.7747	3.00E-04
638	1.00E-04	0	0.7807	3.00E-04
639	1.00E-04	0	0.7836	4.00E-04
640	1.00E-04	0	0.7863	4.00E-04
641	1.00E-04	0	0.791	4.00E-04
642	1.00E-04	0	0.796	3.00E-04
643	1.00E-04	0	0.8012	3.00E-04
644	1.00E-04	0	0.8087	3.00E-04
645	1.00E-04	0	0.818	3.00E-04
646	1.00E-04	0	0.8332	3.00E-04
647	1.00E-04	0	0.8491	2.00E-04
648	1.00E-04	0	0.8646	2.00E-04
649	1.00E-04	0	0.8798	2.00E-04
650	1.00E-04	0	0.8954	2.00E-04
651	1.00E-04	0	0.9153	3.00E-04
652	1.00E-04	0	0.9359	4.00E-04
653	1.00E-04	0	0.9558	4.00E-04
654	1.00E-04	0	0.9699	5.00E-04
655	1.00E-04	0	0.9823	6.00E-04
656	1.00E-04	1.00E-04	0.9888	7.00E-04
657	1.00E-04	1.00E-04	0.9945	8.00E-04
658	1.00E-04	1.00E-04	0.9979	9.00E-04
659	1.00E-04	1.00E-04	0.9775	9.00E-04
660	1.00E-04	1.00E-04	0.9506	1.00E-03
661	1.00E-04	1.00E-04	0.9106	1.00E-03
662	1.00E-04	1.00E-04	0.869	1.00E-03
663	1.00E-04	1.00E-04	0.8282	1.00E-03
664	1.00E-04	1.00E-04	0.7906	1.00E-03
665	1.00E-04	1.00E-04	0.7515	1.00E-03
666	1.00E-04	1.00E-04	0.6977	1.00E-03
667	1.00E-04	1.00E-04	0.6419	1.00E-03
668	1.00E-04	1.00E-04	0.5838	1.00E-03
669	1.00E-04	1.00E-04	0.505	1.00E-03
670	1.00E-04	1.00E-04	0.4231	1.00E-03
671	1.00E-04	1.00E-04	0.3428	1.00E-03
672	1.00E-04	1.00E-04	0.2626	1.00E-03
673	1.00E-04	1.00E-04	0.1858	1.00E-03
674	1.00E-04	1.00E-04	0.1371	1.00E-03
675	1.00E-04	1.00E-04	0.0946	9.00E-04
676	1.00E-04	1.00E-04	0.0715	9.00E-04
677	1.00E-04	1.00E-04	0.0516	9.00E-04
678	1.00E-04	1.00E-04	0.0328	9.00E-04
679	1.00E-04	1.00E-04	0.0233	8.00E-04
680	1.00E-04	1.00E-04	0.0158	8.00E-04
681	1.00E-04	1.00E-04	0.0118	7.00E-04
682	1.00E-04	1.00E-04	0.0082	7.00E-04
683	1.00E-04	0	0.005	6.00E-04
684	1.00E-04	0	0.0034	5.00E-04
685	1.00E-04	0	0.0023	5.00E-04
686	1.00E-04	0	0.0018	4.00E-04
687	1.00E-04	0	0.0013	3.00E-04
688	1.00E-04	0	9.00E-04	3.00E-04
689	1.00E-04	0	7.00E-04	2.00E-04
690	1.00E-04	0	5.00E-04	1.00E-04
691	1.00E-04	0	4.00E-04	1.00E-04
692	1.00E-04	0	3.00E-04	2.00E-04
693	1.00E-04	0	2.00E-04	2.00E-04
694	1.00E-04	0	2.00E-04	2.00E-04
695	0	0	1.00E-04	3.00E-04
696	0	0	1.00E-04	3.00E-04
697	0	0	1.00E-04	3.00E-04
698	0	0	1.00E-04	4.00E-04
699	0	0	1.00E-04	4.00E-04
700	0	0	1.00E-04	4.00E-04
701	0	0	1.00E-04	4.00E-04
702	0	0	1.00E-04	3.00E-04
703	0	0	1.00E-04	3.00E-04
704	0	0	1.00E-04	3.00E-04
705	0	0	1.00E-04	3.00E-04
706	0	0	1.00E-04	2.00E-04
707	0	0	1.00E-04	2.00E-04
708	0	0	1.00E-04	2.00E-04
709	0	0	1.00E-04	1.00E-04
710	0	0	1.00E-04	1.00E-04
711	0	0	1.00E-04	1.00E-04
712	0	0	1.00E-04	1.00E-04
713	0	0	1.00E-04	1.00E-04
714	0	0	1.00E-04	1.00E-04
715	0	0	1.00E-04	1.00E-04
716	0	0	1.00E-04	1.00E-04
717	0	0	1.00E-04	1.00E-04
718	0	0	1.00E-04	1.00E-04
719	0	0	1.00E-04	1.00E-04
720	0	0	1.00E-04	1.00E-04
721	0	0	1.00E-04	1.00E-04
722	0	0	1.00E-04	1.00E-04
723	0	0	1.00E-04	1.00E-04
724	0	0	1.00E-04	1.00E-04
725	0	0	1.00E-04	1.00E-04
726	0	0	1.00E-04	1.00E-04
727	0	0	0	1.00E-04
728	0	0	0	1.00E-04
729	0	0	0	0
730	0	0	0	0
731	0	0	0	0
732	0	0	0	1.00E-04
733	0	0	0	1.00E-04
734	0	0	0	1.00E-04
735	0	0	0	1.00E-04
736	0	0	0	1.00E-04
737	0	0	0	1.00E-04
738	0	0	0	1.00E-04
739	0	0	0	1.00E-04
740	0	0	0	1.00E-04
741	0	0	0	1.00E-04
742	0	0	0	1.00E-04
743	0	0	0	1.00E-04
744	0	0	0	1.00E-04
745	0	0	0	1.00E-04
746	0	0	0	1.00E-04
747	0	0	0	1.00E-04
748	0	0	0	1.00E-04
749	0	0	0	1.00E-04
750	0	0	0	1.00E-04
751	0	0	0	1.00E-04
752	0	0	0	1.00E-04
753	0	0	0	1.00E-04
754	0	0	0	1.00E-04
755	0	0	0	1.00E-04
756	0	0	0	2.00E-04
757	0	0	0	2.00E-04
758	0	0	0	2.00E-04
759	0	0	0	2.00E-04
760	0	0	0	2.00E-04
761	0	0	0	2.00E-04
762	0	0	0	3.00E-04
763	0	0	0	3.00E-04
764	1.00E-04	0	0	3.00E-04
765	1.00E-04	0	0	3.00E-04
766	1.00E-04	0	0	3.00E-04
767	1.00E-04	0	0	4.00E-04
768	1.00E-04	0	0	4.00E-04
769	1.00E-04	0	0	4.00E-04
770	1.00E-04	0	0	4.00E-04
771	1.00E-04	0	0	5.00E-04
772	1.00E-04	0	0	5.00E-04
773	1.00E-04	0	0	6.00E-04
774	1.00E-04	0	0	6.00E-04
775	1.00E-04	0	0	6.00E-04
776	1.00E-04	0	0	7.00E-04
777	1.00E-04	0	0	7.00E-04
778	1.00E-04	0	0	7.00E-04
779	1.00E-04	0	0	8.00E-04
780	1.00E-04	0	0	8.00E-04
781	1.00E-04	0	0	8.00E-04
782	1.00E-04	0	0	9.00E-04
783	1.00E-04	0	0	9.00E-04
784	1.00E-04	0	0	9.00E-04
785	1.00E-04	0	0	9.00E-04
786	1.00E-04	0	0	9.00E-04
787	1.00E-04	0	0	1.00E-03
788	1.00E-04	0	0	1.00E-03
789	1.00E-04	1.00E-04	0	1.00E-03
790	1.00E-04	1.00E-04	0	1.00E-03
791	1.00E-04	1.00E-04	0	0.0011
792	1.00E-04	1.00E-04	1.00E-04	0.0012
793	1.00E-04	1.00E-04	1.00E-04	0.0013
794	1.00E-04	1.00E-04	1.00E-04	0.0013
795	1.00E-04	0	1.00E-04	0.0014
796	1.00E-04	0	1.00E-04	0.0015
797	1.00E-04	0	1.00E-04	0.0016
798	1.00E-04	0	1.00E-04	0.0016
799	1.00E-04	0	1.00E-04	0.0017
800	1.00E-04	0	1.00E-04	0.0018
801	1.00E-04	0	1.00E-04	0.0014
802	1.00E-04	0	1.00E-04	1.00E-03
803	1.00E-04	1.00E-04	1.00E-04	7.00E-04
804	1.00E-04	1.00E-04	1.00E-04	8.00E-04
805	1.00E-04	1.00E-04	1.00E-04	0.0011
806	1.00E-04	1.00E-04	1.00E-04	0.0012
807	1.00E-04	1.00E-04	1.00E-04	0.0014
808	1.00E-04	1.00E-04	1.00E-04	0.0015
809	1.00E-04	1.00E-04	1.00E-04	0.0016
810	1.00E-04	1.00E-04	1.00E-04	0.0016
811	1.00E-04	1.00E-04	1.00E-04	0.0017
812	1.00E-04	1.00E-04	1.00E-04	0.0018
813	1.00E-04	1.00E-04	1.00E-04	0.002
814	1.00E-04	1.00E-04	1.00E-04	0.0024
815	1.00E-04	1.00E-04	1.00E-04	0.0029
816	1.00E-04	1.00E-04	1.00E-04	0.0039
817	1.00E-04	1.00E-04	1.00E-04	0.005
818	1.00E-04	1.00E-04	1.00E-04	0.0062
819	1.00E-04	1.00E-04	1.00E-04	0.0085
820	1.00E-04	1.00E-04	1.00E-04	0.0114
821	1.00E-04	1.00E-04	1.00E-04	0.0162
822	1.00E-04	1.00E-04	1.00E-04	0.0217
823	1.00E-04	1.00E-04	1.00E-04	0.0278
824	1.00E-04	1.00E-04	1.00E-04	0.0371
825	1.00E-04	1.00E-04	1.00E-04	0.0481
826	1.00E-04	1.00E-04	1.00E-04	0.0631
827	1.00E-04	1.00E-04	1.00E-04	0.0795
828	1.00E-04	1.00E-04	1.00E-04	0.0966
829	1.00E-04	1.00E-04	1.00E-04	0.117
830	1.00E-04	1.00E-04	1.00E-04	0.1384
831	1.00E-04	1.00E-04	1.00E-04	0.1652
832	1.00E-04	1.00E-04	1.00E-04	0.1936
833	1.00E-04	1.00E-04	1.00E-04	0.2222
834	1.00E-04	1.00E-04	1.00E-04	0.2625
835	1.00E-04	1.00E-04	1.00E-04	0.3088
836	1.00E-04	1.00E-04	1.00E-04	0.3724
837	1.00E-04	1.00E-04	1.00E-04	0.4422
838	1.00E-04	1.00E-04	1.00E-04	0.5153
839	1.00E-04	1.00E-04	1.00E-04	0.6004
840	1.00E-04	1.00E-04	1.00E-04	0.6896
841	1.00E-04	1.00E-04	2.00E-04	0.7675
842	1.00E-04	1.00E-04	2.00E-04	0.8401
843	1.00E-04	1.00E-04	2.00E-04	0.9092
844	1.00E-04	2.00E-04	2.00E-04	0.9488
845	1.00E-04	2.00E-04	2.00E-04	0.9744
846	2.00E-04	2.00E-04	2.00E-04	0.9826
847	2.00E-04	2.00E-04	2.00E-04	0.9856
848	2.00E-04	2.00E-04	2.00E-04	0.9873
849	2.00E-04	2.00E-04	2.00E-04	0.9821
850	2.00E-04	2.00E-04	2.00E-04	0.9752
851	2.00E-04	2.00E-04	2.00E-04	0.9676
852	2.00E-04	2.00E-04	2.00E-04	0.9599
853	2.00E-04	2.00E-04	2.00E-04	0.9528
854	2.00E-04	2.00E-04	2.00E-04	0.9505
855	2.00E-04	2.00E-04	2.00E-04	0.9499
856	2.00E-04	2.00E-04	2.00E-04	0.9538
857	2.00E-04	2.00E-04	2.00E-04	0.9592
858	2.00E-04	2.00E-04	2.00E-04	0.9654
859	2.00E-04	2.00E-04	2.00E-04	0.9741
860	2.00E-04	2.00E-04	2.00E-04	0.983
861	2.00E-04	2.00E-04	2.00E-04	0.9888
862	2.00E-04	2.00E-04	2.00E-04	0.993
863	2.00E-04	2.00E-04	2.00E-04	0.9959
864	2.00E-04	2.00E-04	2.00E-04	0.9916
865	2.00E-04	2.00E-04	2.00E-04	0.9846
866	2.00E-04	2.00E-04	2.00E-04	0.9748
867	2.00E-04	2.00E-04	2.00E-04	0.964
868	2.00E-04	2.00E-04	2.00E-04	0.9528
869	2.00E-04	2.00E-04	2.00E-04	0.9349
870	2.00E-04	2.00E-04	2.00E-04	0.9135
871	2.00E-04	2.00E-04	2.00E-04	0.8737
872	1.00E-04	2.00E-04	1.00E-04	0.8268
873	1.00E-04	1.00E-04	1.00E-04	0.7742
874	1.00E-04	1.00E-04	1.00E-04	0.6959
875	1.00E-04	1.00E-04	1.00E-04	0.6068
876	1.00E-04	1.00E-04	1.00E-04	0.5025
877	1.00E-04	1.00E-04	1.00E-04	0.3954
878	1.00E-04	1.00E-04	1.00E-04	0.2932
879	1.00E-04	1.00E-04	1.00E-04	0.2179
880	1.00E-04	1.00E-04	1.00E-04	0.1549
881	1.00E-04	1.00E-04	1.00E-04	0.1199
882	1.00E-04	1.00E-04	1.00E-04	0.0935
883	1.00E-04	1.00E-04	1.00E-04	0.0691
884	1.00E-04	1.00E-04	1.00E-04	0.0563
885	1.00E-04	1.00E-04	1.00E-04	0.0476
886	1.00E-04	1.00E-04	1.00E-04	0.0424
887	1.00E-04	1.00E-04	1.00E-04	0.0385
888	1.00E-04	1.00E-04	1.00E-04	0.0348
889	1.00E-04	1.00E-04	1.00E-04	0.0324
890	1.00E-04	1.00E-04	1.00E-04	0.0304
891	1.00E-04	1.00E-04	1.00E-04	0.0284
892	1.00E-04	1.00E-04	1.00E-04	0.0265
893	1.00E-04	0	1.00E-04	0.0245
894	1.00E-04	0	1.00E-04	0.0223
895	1.00E-04	0	1.00E-04	0.0201
896	1.00E-04	0	1.00E-04	0.0176
897	1.00E-04	0	1.00E-04	0.015
898	1.00E-04	0	1.00E-04	0.0125
899	1.00E-04	0	1.00E-04	0.0103
900	1.00E-04	0	1.00E-04	0.0082
901	1.00E-04	0	1.00E-04	0.0075
902	1.00E-04	0	1.00E-04	0.0072
903	1.00E-04	0	1.00E-04	0.0069
904	1.00E-04	0	1.00E-04	0.0066
905	1.00E-04	0	1.00E-04	0.0063
906	1.00E-04	0	1.00E-04	0.006
907	1.00E-04	0	1.00E-04	0.0057
908	1.00E-04	0	1.00E-04	0.0054
909	1.00E-04	0	1.00E-04	0.0051
910	1.00E-04	0	1.00E-04	0.0047
911	1.00E-04	0	1.00E-04	0.0048
912	1.00E-04	0	1.00E-04	0.0049
913	1.00E-04	0	1.00E-04	0.005
914	1.00E-04	0	1.00E-04	0.005
915	1.00E-04	0	0	0.0051
916	1.00E-04	0	0	0.0052
917	1.00E-04	0	0	0.0053
918	1.00E-04	0	0	0.0053
919	1.00E-04	0	0	0.0054
920	1.00E-04	0	0	0.0055
921	1.00E-04	0	0	0.0053
922	1.00E-04	0	0	0.0051
923	1.00E-04	0	0	0.0049
924	1.00E-04	0	0	0.0047
925	1.00E-04	0	0	0.0045
926	1.00E-04	0	0	0.0043
927	1.00E-04	0	0	0.0041
928	1.00E-04	0	0	0.0039
929	1.00E-04	0	0	0.0037
930	1.00E-04	0	0	0.0035
931	1.00E-04	0	0	0.0033
932	1.00E-04	0	0	0.0031
933	1.00E-04	0	0	0.0028
934	1.00E-04	1.00E-04	0	0.0026
935	1.00E-04	1.00E-04	0	0.0024
936	1.00E-04	1.00E-04	0	0.0022
937	1.00E-04	1.00E-04	0	0.002
938	1.00E-04	1.00E-04	0	0.0017
939	1.00E-04	1.00E-04	0	0.0015
940	1.00E-04	1.00E-04	0	0.0013
941	1.00E-04	1.00E-04	0	0.0015
942	1.00E-04	1.00E-04	0	0.0016
943	1.00E-04	1.00E-04	0	0.0018
944	1.00E-04	1.00E-04	1.00E-04	0.0019
945	1.00E-04	1.00E-04	1.00E-04	0.0021
946	1.00E-04	1.00E-04	1.00E-04	0.0023
947	1.00E-04	1.00E-04	1.00E-04	0.0024
948	1.00E-04	1.00E-04	1.00E-04	0.0026
949	1.00E-04	1.00E-04	1.00E-04	0.0028
950	1.00E-04	1.00E-04	1.00E-04	0.0029
951	1.00E-04	1.00E-04	1.00E-04	0.0029
952	1.00E-04	1.00E-04	1.00E-04	0.0028
953	1.00E-04	1.00E-04	1.00E-04	0.0027
954	1.00E-04	1.00E-04	1.00E-04	0.0026
955	1.00E-04	1.00E-04	1.00E-04	0.0026
956	1.00E-04	1.00E-04	1.00E-04	0.0025
957	1.00E-04	1.00E-04	1.00E-04	0.0024
958	1.00E-04	1.00E-04	1.00E-04	0.0023
959	1.00E-04	1.00E-04	1.00E-04	0.0022
960	1.00E-04	1.00E-04	1.00E-04	0.0022
961	1.00E-04	1.00E-04	1.00E-04	0.0021
962	1.00E-04	1.00E-04	1.00E-04	0.0021
963	1.00E-04	1.00E-04	1.00E-04	0.0021
964	1.00E-04	1.00E-04	1.00E-04	0.0021
965	1.00E-04	1.00E-04	1.00E-04	0.002
966	1.00E-04	1.00E-04	1.00E-04	0.002
967	1.00E-04	1.00E-04	1.00E-04	0.002
968	1.00E-04	1.00E-04	1.00E-04	0.0019
969	1.00E-04	1.00E-04	1.00E-04	0.0019
970	1.00E-04	1.00E-04	1.00E-04	0.0019
971	1.00E-04	1.00E-04	1.00E-04	0.0019
972	1.00E-04	1.00E-04	1.00E-04	0.0019
973	1.00E-04	1.00E-04	1.00E-04	0.0019
974	1.00E-04	1.00E-04	1.00E-04	0.0019
975	1.00E-04	1.00E-04	1.00E-04	0.0019
976	1.00E-04	1.00E-04	1.00E-04	0.0019
977	1.00E-04	1.00E-04	1.00E-04	0.002
978	1.00E-04	1.00E-04	1.00E-04	0.002
979	1.00E-04	1.00E-04	1.00E-04	0.002
980	1.00E-04	1.00E-04	0	0.002
981	1.00E-04	1.00E-04	0	0.0018
982	1.00E-04	1.00E-04	0	0.0016
983	1.00E-04	1.00E-04	0	0.0014
984	1.00E-04	1.00E-04	0	0.0012
985	1.00E-04	1.00E-04	0	1.00E-03
986	1.00E-04	1.00E-04	0	9.00E-04
987	0	1.00E-04	0	7.00E-04
988	0	1.00E-04	0	5.00E-04
989	0	0	0	3.00E-04
990	0	0	0	1.00E-04
991	0	0	0	1.00E-04
992	0	0	0	1.00E-04
993	0	0	0	1.00E-04
994	0	0	0	1.00E-04
995	1.00E-04	0	0	1.00E-04
996	1.00E-04	0	0	1.00E-04
997	1.00E-04	0	0	1.00E-04
998	1.00E-04	0	0	1.00E-04
999	1.00E-04	0	0	1.00E-04
1000	1.00E-04	0	0	1.00E-04