9.81	0.169357 
9.82	0.363753
9.83	0.55815
9.84	0.752533
9.85	0.94693
9.86	1.141326
9.87	1.335723
9.88	1.530106
9.89	1.724503
9.9	1.9189
9.91	2.113296
9.92	2.30768
9.93	2.502076
9.94	2.696473
9.95	2.89087
9.96	3.085253
9.97	3.27965
9.98	3.474046
9.99	3.668443
10	3.862826
10.01	4.057223
10.02	4.251619
10.03	4.462105
10.04	4.672592
10.05	4.922079
10.06	5.171566
10.07	5.443026
10.08	5.714499
10.09	6.019856
10.1	6.325227
10.11	6.648393
10.12	6.971572
10.13	7.317834
10.14	7.664097
10.15	8.024439
10.16	8.384768
10.17	8.809654
10.18	9.23454
10.19	9.679666
10.2	10.124779
10.21	10.63125
10.22	11.13772
10.23	11.671478
10.24	12.205235
10.25	12.826078
10.26	13.446907
10.27	14.099717
10.28	14.752526
10.29	15.460427
10.3	16.168327
10.31	16.909702
10.32	17.651077
10.33	18.498138
10.34	19.345186
10.35	20.259487
10.36	21.173775
10.37	22.136491
10.38	23.099219
10.39	24.097009
10.4	25.094812
10.41	26.118356
10.42	27.141899
10.43	28.194343
10.44	29.246787
10.45	30.313509
10.46	31.380232
10.47	32.492393
10.48	33.604568
10.49	34.732833
10.5	35.861084
10.51	36.998696
10.52	38.136294
10.53	39.264677
10.54	40.393061
10.55	41.570638
10.56	42.748229
10.57	43.930289
10.58	45.112335
10.59	46.175157
10.6	47.237992
10.61	48.278194
10.62	49.318409
10.63	50.336294
10.64	51.354179
10.65	52.380526
10.66	53.406885
10.67	54.38491
10.68	55.362935
10.69	56.301866
10.7	57.240811
10.71	58.158708
10.72	59.076606
10.73	59.952686
10.74	60.828753
10.75	61.671478
10.76	62.514189
10.77	63.296152
10.78	64.078101
10.79	64.872887
10.8	65.667661
10.81	66.417735
10.82	67.167809
10.83	67.934475
10.84	68.701128
10.85	69.482297
10.86	70.263453
10.87	71.019953
10.88	71.776452
10.89	72.496489
10.9	73.216526
10.91	73.935135
10.92	74.653757
10.93	75.41581
10.94	76.177875
10.95	77.056137
10.96	77.934412
10.97	78.780256
10.98	79.626101
10.99	80.383817
11	81.141533
11.01	81.909349
11.02	82.677165
11.03	83.476487
11.04	84.275808
11.05	85.077284
11.06	85.878747
11.07	86.655223
11.08	87.431686
11.09	88.07384
11.1	88.715993
11.11	89.356204
11.12	89.996415
11.13	90.597347
11.14	91.198292
11.15	91.800638
11.16	92.402985
11.17	92.999924
11.18	93.59685
11.19	94.169847
11.2	94.742857
11.21	95.322636
11.22	95.902415
11.23	96.314066
11.24	96.725718
11.25	97.087409
11.26	97.4491
11.27	97.765351
11.28	98.081589
11.29	98.404716
11.3	98.727829
11.31	99.082301
11.32	99.43676
11.33	99.598462
11.34	99.760164
11.35	99.880075
11.36	100
11.37	99.99179
11.38	99.98358
11.39	99.885126
11.4	99.786685
11.41	99.706607
11.42	99.62653
11.43	99.211546
11.44	98.796563
11.45	98.387873
11.46	97.979169
11.47	97.47529
11.48	96.971411
11.49	96.332721
11.5	95.694017
11.51	95.025938
11.52	94.357858
11.53	93.622036
11.54	92.8862
11.55	92.182689
11.56	91.479165
11.57	90.753892
11.58	90.02862
11.59	89.238606
11.6	88.448592
11.61	87.64512
11.62	86.841647
11.63	86.04226
11.64	85.24286
11.65	84.454247
11.66	83.665635
11.67	82.8562
11.68	82.046765
11.69	81.135306
11.7	80.223847
11.71	79.308858
11.72	78.393856
11.73	77.495565
11.74	76.597287
11.75	75.733621
11.76	74.869955
11.77	74.034621
11.78	73.199286
11.79	72.45811
11.8	71.716933
11.81	70.995323
11.82	70.273699
11.83	69.597026
11.84	68.920366
11.85	68.4307
11.86	67.941033
11.87	67.458783
11.88	66.976533
11.89	66.532675
11.9	66.088818
11.91	65.687412
11.92	65.28602
11.93	64.888184
11.94	64.490361
11.95	64.13138
11.96	63.772413
11.97	63.436555
11.98	63.100711
11.99	62.764615
12	62.428532
12.01	62.242174
12.02	62.055816
12.03	61.890518
12.04	61.725233
12.05	61.569705
12.06	61.414177
12.07	61.239069
12.08	61.063949
12.09	60.859689
12.1	60.65543
12.11	60.475074
12.12	60.294731
12.13	60.200031
12.14	60.105332
12.15	60.014664
12.16	59.923984
12.17	59.889676
12.18	59.855369
12.19	59.87705
12.2	59.898732
12.21	59.912614
12.22	59.926509
12.23	59.953651
12.24	59.980793
12.25	60.029181
12.26	60.077555
12.27	60.143182
12.28	60.208823
12.29	60.12626
12.3	60.043697
12.31	59.89039
12.32	59.737083
12.33	59.570992
12.34	59.404901
12.35	58.997255
12.36	58.589609
12.37	58.124533
12.38	57.659443
12.39	57.198042
12.4	56.736641
12.41	56.304722
12.42	55.872803
12.43	55.447917
12.44	55.023018
12.45	54.602337
12.46	54.181656
12.47	53.893366
12.48	53.605089
12.49	53.33392
12.5	53.062738
12.51	52.787008
12.52	52.511278
12.53	51.999308
12.54	51.487338
12.55	50.938495
12.56	50.389639
12.57	49.841616
12.58	49.293607
12.59	48.257596
12.6	47.221585
12.61	46.073992
12.62	44.926386
12.63	43.77837
12.64	42.630354
12.65	41.607484
12.66	40.584628
12.67	39.610675
12.68	38.636722
12.69	37.671852
12.7	36.706982
12.71	36.043424
12.72	35.379852
12.73	34.882954
12.74	34.386042
12.75	33.892488
12.76	33.398934
12.77	32.841432
12.78	32.28393
12.79	31.662797
12.8	31.041664
12.81	30.421126
12.82	29.800574
12.83	29.056515
12.84	28.312457
12.85	27.338345
12.86	26.364247
12.87	25.391272
12.88	24.418311
12.89	23.464929
12.9	22.511548
12.91	21.661115
12.92	20.810683
12.93	19.9639
12.94	19.117103
12.95	18.273638
12.96	17.43016
12.97	16.944882
12.98	16.459591
12.99	16.001892
13	15.544193
13.01	15.086494
13.02	14.628781
13.03	14.171082
13.04	13.713382
13.05	13.255683
13.06	12.797984
13.07	12.340271
13.08	11.882572
13.09	11.424873
13.1	10.967173
13.11	10.509474
13.12	10.051762
13.13	9.594062
13.14	9.136363
13.15	8.678664
13.16	8.220964
13.17	7.763252
13.18	7.305552
13.19	6.847853
13.2	6.390154
13.21	5.932455
13.22	5.474742
13.23	5.017043
13.24	4.559343
13.25	4.101644
13.26	3.643945
13.27	3.186232
13.28	2.728533
13.29	2.270834
13.3	1.813134
13.31	1.355435
13.32	0.897723
13.33	0.440023
