Nanometer data for OMIS 1-64 channel
CENTER:    455.70NM   FWHM:   10.80NM
  444.9000 0.0099983  22476.96
  445.4000 0.0119809  22451.73
  445.9000 0.0142341  22426.55
  446.4000 0.0167667  22401.43
  446.9000 0.0195812  22376.37
  447.4000 0.0226730  22351.36
  447.9000 0.0260289  22326.41
  448.4000 0.0296264  22301.52
  448.9000 0.0334332  22276.68
  449.4000 0.0374072  22251.89
  449.9000 0.0414961  22227.16
  450.4000 0.0456391  22202.49
  450.9000 0.0497672  22177.87
  451.4000 0.0538054  22153.30
  451.9000 0.0576747  22128.79
  452.4000 0.0612945  22104.33
  452.9000 0.0645853  22079.93
  453.4000 0.0674719  22055.58
  453.9000 0.0698858  22031.28
  454.4000 0.0717681  22007.04
  454.9000 0.0730719  21982.85
  455.4000 0.0737643  21958.72
  455.9000 0.0738275  21934.63
  456.4000 0.0732601  21910.60
  456.9000 0.0720764  21886.63
  457.4000 0.0703065  21862.70
  457.9000 0.0679945  21838.83
  458.4000 0.0651973  21815.01
  458.9000 0.0619814  21791.24
  459.4000 0.0584212  21767.52
  459.9000 0.0545953  21743.86
  460.4000 0.0505845  21720.24
  460.9000 0.0464682  21696.68
  461.4000 0.0423225  21673.17
  461.9000 0.0382176  21649.71
  462.4000 0.0342162  21626.30
  462.9000 0.0303722  21602.94
  463.4000 0.0267300  21579.63
  463.9000 0.0233237  21556.37
  464.4000 0.0201777  21533.16
  464.9000 0.0173071  21510.00
  465.4000 0.0147181  21486.89
  465.9000 0.0124096  21463.83
  466.4000 0.0103738  21440.82
CENTER:    465.00NM   FWHM:   10.90NM
  454.1000 0.0099066  22021.58
  454.6000 0.0118518  21997.36
  455.1000 0.0140601  21973.19
  455.6000 0.0165400  21949.08
  456.1000 0.0192943  21925.02
  456.6000 0.0223186  21901.01
  457.1000 0.0256006  21877.05
  457.6000 0.0291191  21853.15
  458.1000 0.0328435  21829.29
  458.6000 0.0367338  21805.49
  459.1000 0.0407405  21781.75
  459.6000 0.0448056  21758.05
  460.1000 0.0488633  21734.41
  460.6000 0.0528418  21710.81
  461.1000 0.0566653  21687.27
  461.6000 0.0602562  21663.78
  462.1000 0.0635375  21640.34
  462.6000 0.0664360  21616.95
  463.1000 0.0688845  21593.61
  463.6000 0.0708247  21570.32
  464.1000 0.0722091  21547.08
  464.6000 0.0730035  21523.89
  465.1000 0.0731881  21500.75
  465.6000 0.0727582  21477.66
  466.1000 0.0717245  21454.62
  466.6000 0.0701129  21431.63
  467.1000 0.0679631  21408.69
  467.6000 0.0653270  21385.80
  468.1000 0.0622669  21362.96
  468.6000 0.0588527  21340.16
  469.1000 0.0551595  21317.42
  469.6000 0.0512647  21294.72
  470.1000 0.0472456  21272.07
  470.6000 0.0431766  21249.47
  471.1000 0.0391274  21226.92
  471.6000 0.0351607  21204.41
  472.1000 0.0313314  21181.95
  472.6000 0.0276850  21159.54
  473.1000 0.0242581  21137.18
  473.6000 0.0210771  21114.86
  474.1000 0.0181598  21092.60
  474.6000 0.0155151  21070.38
  475.1000 0.0131445  21048.20
  475.6000 0.0110428  21026.07
CENTER:    477.30NM   FWHM:   11.20NM
  466.1000 0.0096412  21454.62
  466.6000 0.0114803  21431.63
  467.1000 0.0135617  21408.69
  467.6000 0.0158932  21385.80
  468.1000 0.0184776  21362.96
  468.6000 0.0213117  21340.16
  469.1000 0.0243854  21317.42
  469.6000 0.0276808  21294.72
  470.1000 0.0311720  21272.07
  470.6000 0.0348248  21249.47
  471.1000 0.0385967  21226.92
  471.6000 0.0424375  21204.41
  472.1000 0.0462901  21181.95
  472.6000 0.0500914  21159.54
  473.1000 0.0537745  21137.18
  473.6000 0.0572701  21114.86
  474.1000 0.0605086  21092.60
  474.6000 0.0634225  21070.38
  475.1000 0.0659490  21048.20
  475.6000 0.0680316  21026.07
  476.1000 0.0696227  21003.99
  476.6000 0.0706853  20981.96
  477.1000 0.0711943  20959.97
  477.6000 0.0711375  20938.02
  478.1000 0.0705165  20916.13
  478.6000 0.0693458  20894.27
  479.1000 0.0676530  20872.47
  479.6000 0.0654775  20850.71
  480.1000 0.0628688  20828.99
  480.6000 0.0598847  20807.32
  481.1000 0.0565893  20785.70
  481.6000 0.0530507  20764.12
  482.1000 0.0493384  20742.58
  482.6000 0.0455216  20721.09
  483.1000 0.0416665  20699.65
  483.6000 0.0378351  20678.25
  484.1000 0.0340832  20656.89
  484.6000 0.0304596  20635.58
  485.1000 0.0270051  20614.31
  485.6000 0.0237522  20593.08
  486.1000 0.0207253  20571.90
  486.6000 0.0179406  20550.76
  487.1000 0.0154067  20529.67
  487.6000 0.0131256  20508.61
  488.1000 0.0110935  20487.60
CENTER:    489.90NM   FWHM:   11.30NM
  478.6000 0.0095559  20894.27
  479.1000 0.0113616  20872.47
  479.6000 0.0134030  20850.71
  480.1000 0.0156880  20828.99
  480.6000 0.0182192  20807.32
  481.1000 0.0209937  20785.70
  481.6000 0.0240021  20764.12
  482.1000 0.0272275  20742.58
  482.6000 0.0306454  20721.09
  483.1000 0.0342233  20699.65
  483.6000 0.0379208  20678.25
  484.1000 0.0416900  20656.89
  484.6000 0.0454762  20635.58
  485.1000 0.0492194  20614.31
  485.6000 0.0528551  20593.08
  486.1000 0.0563165  20571.90
  486.6000 0.0595366  20550.76
  487.1000 0.0624498  20529.67
  487.6000 0.0649946  20508.61
  488.1000 0.0671154  20487.60
  488.6000 0.0687647  20466.64
  489.1000 0.0699050  20445.72
  489.6000 0.0705098  20424.84
  490.1000 0.0705650  20404.00
  490.6000 0.0700694  20383.20
  491.1000 0.0690345  20362.45
  491.6000 0.0674843  20341.74
  492.1000 0.0654543  20321.07
  492.6000 0.0629902  20300.45
  493.1000 0.0601459  20279.86
  493.6000 0.0569820  20259.32
  494.1000 0.0535635  20238.82
  494.6000 0.0499572  20218.36
  495.1000 0.0462303  20197.94
  495.6000 0.0424477  20177.56
  496.1000 0.0386705  20157.23
  496.6000 0.0349547  20136.93
  497.1000 0.0313494  20116.68
  497.6000 0.0278966  20096.46
  498.1000 0.0246305  20076.29
  498.6000 0.0215771  20056.16
  499.1000 0.0187548  20036.06
  499.6000 0.0161745  20016.01
  500.1000 0.0138404  19996.00
  500.6000 0.0117507  19976.03
  501.1000 0.0098987  19956.10
CENTER:    502.80NM   FWHM:   11.00NM
  491.8000 0.0098165  20333.47
  492.3000 0.0117254  20312.82
  492.8000 0.0138901  20292.21
  493.3000 0.0163190  20271.64
  493.8000 0.0190150  20251.11
  494.3000 0.0219739  20230.63
  494.8000 0.0251842  20210.19
  495.3000 0.0286260  20189.78
  495.8000 0.0322704  20169.42
  496.3000 0.0360794  20149.10
  496.8000 0.0400059  20128.82
  497.3000 0.0439947  20108.59
  497.8000 0.0479829  20088.39
  498.3000 0.0519020  20068.23
  498.8000 0.0556792  20048.12
  499.3000 0.0592395  20028.04
  499.8000 0.0625089  20008.00
  500.3000 0.0654157  19988.01
  500.8000 0.0678944  19968.05
  501.3000 0.0698869  19948.13
  501.8000 0.0713459  19928.26
  502.3000 0.0722358  19908.42
  502.8000 0.0725350  19888.62
  503.3000 0.0722358  19868.87
  503.8000 0.0713459  19849.15
  504.3000 0.0698869  19829.47
  504.8000 0.0678944  19809.83
  505.3000 0.0654157  19790.22
  505.8000 0.0625089  19770.66
  506.3000 0.0592395  19751.14
  506.8000 0.0556792  19731.65
  507.3000 0.0519020  19712.20
  507.8000 0.0479829  19692.79
  508.3000 0.0439947  19673.42
  508.8000 0.0400059  19654.09
  509.3000 0.0360794  19634.79
  509.8000 0.0322704  19615.54
  510.3000 0.0286260  19596.32
  510.8000 0.0251842  19577.13
  511.3000 0.0219739  19557.99
  511.8000 0.0190150  19538.88
  512.3000 0.0163190  19519.81
  512.8000 0.0138901  19500.78
  513.3000 0.0117254  19481.78
  513.8000 0.0098165  19462.83
CENTER:    515.30NM   FWHM:   10.80NM
  504.5000 0.0099983  19821.61
  505.0000 0.0119809  19801.98
  505.5000 0.0142341  19782.39
  506.0000 0.0167667  19762.85
  506.5000 0.0195812  19743.34
  507.0000 0.0226730  19723.87
  507.5000 0.0260289  19704.43
  508.0000 0.0296264  19685.04
  508.5000 0.0334332  19665.68
  509.0000 0.0374072  19646.37
  509.5000 0.0414961  19627.09
  510.0000 0.0456391  19607.84
  510.5000 0.0497672  19588.64
  511.0000 0.0538054  19569.47
  511.5000 0.0576747  19550.34
  512.0000 0.0612945  19531.25
  512.5000 0.0645853  19512.20
  513.0000 0.0674719  19493.18
  513.5000 0.0698858  19474.20
  514.0000 0.0717681  19455.25
  514.5000 0.0730719  19436.35
  515.0000 0.0737643  19417.48
  515.5000 0.0738275  19398.64
  516.0000 0.0732601  19379.84
  516.5000 0.0720764  19361.08
  517.0000 0.0703065  19342.36
  517.5000 0.0679945  19323.67
  518.0000 0.0651973  19305.02
  518.5000 0.0619814  19286.40
  519.0000 0.0584212  19267.82
  519.5000 0.0545953  19249.28
  520.0000 0.0505845  19230.77
  520.5000 0.0464682  19212.30
  521.0000 0.0423225  19193.86
  521.5000 0.0382176  19175.46
  522.0000 0.0342162  19157.09
  522.5000 0.0303722  19138.76
  523.0000 0.0267300  19120.46
  523.5000 0.0233237  19102.20
  524.0000 0.0201777  19083.97
  524.5000 0.0173071  19065.78
  525.0000 0.0147181  19047.62
  525.5000 0.0124096  19029.50
  526.0000 0.0103738  19011.41
CENTER:    527.70NM   FWHM:   11.70NM
  516.0000 0.0092292  19379.84
  516.5000 0.0109098  19361.08
  517.0000 0.0128026  19342.36
  517.5000 0.0149143  19323.67
  518.0000 0.0172480  19305.02
  518.5000 0.0198016  19286.40
  519.0000 0.0225678  19267.82
  519.5000 0.0255332  19249.28
  520.0000 0.0286781  19230.77
  520.5000 0.0319758  19212.30
  521.0000 0.0353932  19193.86
  521.5000 0.0388907  19175.46
  522.0000 0.0424229  19157.09
  522.5000 0.0459390  19138.76
  523.0000 0.0493844  19120.46
  523.5000 0.0527018  19102.20
  524.0000 0.0558327  19083.97
  524.5000 0.0587192  19065.78
  525.0000 0.0613053  19047.62
  525.5000 0.0635395  19029.50
  526.0000 0.0653758  19011.41
  526.5000 0.0667755  18993.35
  527.0000 0.0677088  18975.33
  527.5000 0.0681554  18957.35
  528.0000 0.0681056  18939.39
  528.5000 0.0675606  18921.48
  529.0000 0.0665320  18903.59
  529.5000 0.0650423  18885.74
  530.0000 0.0631231  18867.92
  530.5000 0.0608146  18850.14
  531.0000 0.0581642  18832.39
  531.5000 0.0552243  18814.68
  532.0000 0.0520514  18796.99
  532.5000 0.0487037  18779.34
  533.0000 0.0452396  18761.73
  533.5000 0.0417160  18744.14
  534.0000 0.0381869  18726.59
  534.5000 0.0347020  18709.07
  535.0000 0.0313055  18691.59
  535.5000 0.0280359  18674.14
  536.0000 0.0249251  18656.72
  536.5000 0.0219981  18639.33
  537.0000 0.0192735  18621.97
  537.5000 0.0167635  18604.65
  538.0000 0.0144743  18587.36
  538.5000 0.0124067  18570.10
  539.0000 0.0105570  18552.88
CENTER:    540.50NM   FWHM:   10.40NM
  530.1000 0.0103829  18864.37
  530.6000 0.0125265  18846.59
  531.1000 0.0149735  18828.85
  531.6000 0.0177339  18811.14
  532.1000 0.0208098  18793.46
  532.6000 0.0241945  18775.82
  533.1000 0.0278709  18758.21
  533.6000 0.0318105  18740.63
  534.1000 0.0359727  18723.09
  534.6000 0.0403053  18705.57
  535.1000 0.0447440  18688.10
  535.6000 0.0492144  18670.65
  536.1000 0.0536333  18653.24
  536.6000 0.0579110  18635.86
  537.1000 0.0619545  18618.51
  537.6000 0.0656704  18601.19
  538.1000 0.0689685  18583.91
  538.6000 0.0717656  18566.65
  539.1000 0.0739889  18549.43
  539.6000 0.0755791  18532.25
  540.1000 0.0764930  18515.09
  540.6000 0.0767055  18497.97
  541.1000 0.0762107  18480.87
  541.6000 0.0750222  18463.81
  542.1000 0.0731726  18446.78
  542.6000 0.0707118  18429.78
  543.1000 0.0677049  18412.82
  543.6000 0.0642292  18395.88
  544.1000 0.0603713  18378.97
  544.6000 0.0562228  18362.10
  545.1000 0.0518775  18345.26
  545.6000 0.0474276  18328.45
  546.1000 0.0429603  18311.66
  546.6000 0.0385557  18294.91
  547.1000 0.0342842  18278.19
  547.6000 0.0302054  18261.50
  548.1000 0.0263669  18244.85
  548.6000 0.0228044  18228.22
  549.1000 0.0195418  18211.62
  549.6000 0.0165918  18195.05
  550.1000 0.0139575  18178.51
  550.6000 0.0116334  18162.01
CENTER:    553.10NM   FWHM:   11.10NM
  542.0000 0.0097281  18450.18
  542.5000 0.0116016  18433.18
  543.0000 0.0137240  18416.21
  543.5000 0.0161035  18399.26
  544.0000 0.0187428  18382.35
  544.5000 0.0216383  18365.47
  545.0000 0.0247793  18348.62
  545.5000 0.0281468  18331.81
  546.0000 0.0317135  18315.02
  546.5000 0.0354433  18298.26
  547.0000 0.0392915  18281.54
  547.5000 0.0432056  18264.84
  548.0000 0.0471254  18248.18
  548.5000 0.0509854  18231.54
  549.0000 0.0547157  18214.94
  549.5000 0.0582443  18198.36
  550.0000 0.0614993  18181.82
  550.5000 0.0644112  18165.30
  551.0000 0.0669157  18148.82
  551.5000 0.0689557  18132.37
  552.0000 0.0704834  18115.94
  552.5000 0.0714627  18099.55
  553.0000 0.0718698  18083.18
  553.5000 0.0716950  18066.85
  554.0000 0.0709426  18050.54
  554.5000 0.0696305  18034.27
  555.0000 0.0677903  18018.02
  555.5000 0.0654653  18001.80
  556.0000 0.0627089  17985.61
  556.5000 0.0595831  17969.45
  557.0000 0.0561554  17953.32
  557.5000 0.0524971  17937.22
  558.0000 0.0486805  17921.15
  558.5000 0.0447764  17905.10
  559.0000 0.0408525  17889.09
  559.5000 0.0369711  17873.10
  560.0000 0.0331881  17857.14
  560.5000 0.0295514  17841.21
  561.0000 0.0261004  17825.31
  561.5000 0.0228661  17809.44
  562.0000 0.0198707  17793.59
  562.5000 0.0171281  17777.78
  563.0000 0.0146447  17761.99
  563.5000 0.0124201  17746.23
  564.0000 0.0104483  17730.50
CENTER:    565.40NM   FWHM:   10.90NM
  554.5000 0.0099066  18034.27
  555.0000 0.0118518  18018.02
  555.5000 0.0140601  18001.80
  556.0000 0.0165400  17985.61
  556.5000 0.0192943  17969.45
  557.0000 0.0223186  17953.32
  557.5000 0.0256006  17937.22
  558.0000 0.0291191  17921.15
  558.5000 0.0328435  17905.10
  559.0000 0.0367338  17889.09
  559.5000 0.0407405  17873.10
  560.0000 0.0448056  17857.14
  560.5000 0.0488633  17841.21
  561.0000 0.0528418  17825.31
  561.5000 0.0566653  17809.44
  562.0000 0.0602562  17793.59
  562.5000 0.0635375  17777.78
  563.0000 0.0664360  17761.99
  563.5000 0.0688845  17746.23
  564.0000 0.0708247  17730.50
  564.5000 0.0722091  17714.79
  565.0000 0.0730035  17699.12
  565.5000 0.0731881  17683.47
  566.0000 0.0727582  17667.84
  566.5000 0.0717245  17652.25
  567.0000 0.0701129  17636.68
  567.5000 0.0679631  17621.15
  568.0000 0.0653270  17605.63
  568.5000 0.0622669  17590.15
  569.0000 0.0588527  17574.69
  569.5000 0.0551595  17559.26
  570.0000 0.0512647  17543.86
  570.5000 0.0472456  17528.48
  571.0000 0.0431766  17513.13
  571.5000 0.0391274  17497.81
  572.0000 0.0351607  17482.52
  572.5000 0.0313314  17467.25
  573.0000 0.0276850  17452.01
  573.5000 0.0242581  17436.79
  574.0000 0.0210771  17421.60
  574.5000 0.0181598  17406.44
  575.0000 0.0155151  17391.30
  575.5000 0.0131445  17376.19
  576.0000 0.0110428  17361.11
CENTER:    577.70NM   FWHM:   10.90NM
  566.8000 0.0099066  17642.91
  567.3000 0.0118518  17627.36
  567.8000 0.0140601  17611.84
  568.3000 0.0165400  17596.34
  568.8000 0.0192943  17580.87
  569.3000 0.0223186  17565.43
  569.8000 0.0256006  17550.02
  570.3000 0.0291191  17534.63
  570.8000 0.0328435  17519.27
  571.3000 0.0367338  17503.94
  571.8000 0.0407405  17488.63
  572.3000 0.0448056  17473.35
  572.8000 0.0488633  17458.10
  573.3000 0.0528418  17442.87
  573.8000 0.0566653  17427.68
  574.3000 0.0602562  17412.50
  574.8000 0.0635375  17397.36
  575.3000 0.0664360  17382.24
  575.8000 0.0688845  17367.14
  576.3000 0.0708247  17352.07
  576.8000 0.0722091  17337.03
  577.3000 0.0730035  17322.02
  577.8000 0.0731881  17307.03
  578.3000 0.0727582  17292.06
  578.8000 0.0717245  17277.13
  579.3000 0.0701129  17262.21
  579.8000 0.0679631  17247.33
  580.3000 0.0653270  17232.47
  580.8000 0.0622669  17217.63
  581.3000 0.0588527  17202.82
  581.8000 0.0551595  17188.04
  582.3000 0.0512647  17173.28
  582.8000 0.0472456  17158.54
  583.3000 0.0431766  17143.84
  583.8000 0.0391274  17129.15
  584.3000 0.0351607  17114.50
  584.8000 0.0313314  17099.86
  585.3000 0.0276850  17085.26
  585.8000 0.0242581  17070.67
  586.3000 0.0210771  17056.11
  586.8000 0.0181598  17041.58
  587.3000 0.0155151  17027.07
  587.8000 0.0131445  17012.59
  588.3000 0.0110428  16998.13
CENTER:    590.00NM   FWHM:   11.20NM
  578.8000 0.0096412  17277.13
  579.3000 0.0114803  17262.21
  579.8000 0.0135617  17247.33
  580.3000 0.0158932  17232.47
  580.8000 0.0184776  17217.63
  581.3000 0.0213117  17202.82
  581.8000 0.0243854  17188.04
  582.3000 0.0276808  17173.28
  582.8000 0.0311720  17158.54
  583.3000 0.0348248  17143.84
  583.8000 0.0385967  17129.15
  584.3000 0.0424375  17114.50
  584.8000 0.0462901  17099.86
  585.3000 0.0500914  17085.26
  585.8000 0.0537745  17070.67
  586.3000 0.0572701  17056.11
  586.8000 0.0605086  17041.58
  587.3000 0.0634225  17027.07
  587.8000 0.0659490  17012.59
  588.3000 0.0680316  16998.13
  588.8000 0.0696227  16983.70
  589.3000 0.0706853  16969.29
  589.8000 0.0711943  16954.90
  590.3000 0.0711375  16940.54
  590.8000 0.0705165  16926.20
  591.3000 0.0693458  16911.89
  591.8000 0.0676530  16897.60
  592.3000 0.0654775  16883.34
  592.8000 0.0628688  16869.10
  593.3000 0.0598847  16854.88
  593.8000 0.0565893  16840.69
  594.3000 0.0530507  16826.52
  594.8000 0.0493384  16812.37
  595.3000 0.0455216  16798.25
  595.8000 0.0416665  16784.16
  596.3000 0.0378351  16770.08
  596.8000 0.0340832  16756.03
  597.3000 0.0304596  16742.01
  597.8000 0.0270051  16728.00
  598.3000 0.0237522  16714.02
  598.8000 0.0207253  16700.07
  599.3000 0.0179406  16686.13
  599.8000 0.0154067  16672.22
  600.3000 0.0131256  16658.34
  600.8000 0.0110935  16644.47
CENTER:    602.50NM   FWHM:   10.70NM
  591.8000 0.0100918  16897.60
  592.3000 0.0121129  16883.34
  592.8000 0.0144123  16869.10
  593.3000 0.0169991  16854.88
  593.8000 0.0198759  16840.69
  594.3000 0.0230374  16826.52
  594.8000 0.0264696  16812.37
  595.3000 0.0301486  16798.25
  595.8000 0.0340404  16784.16
  596.3000 0.0381002  16770.08
  596.8000 0.0422735  16756.03
  597.3000 0.0464959  16742.01
  597.8000 0.0506954  16728.00
  598.3000 0.0547935  16714.02
  598.8000 0.0587078  16700.07
  599.3000 0.0623548  16686.13
  599.8000 0.0656523  16672.22
  600.3000 0.0685231  16658.34
  600.8000 0.0708975  16644.47
  601.3000 0.0727163  16630.63
  601.8000 0.0739331  16616.82
  602.3000 0.0745166  16603.02
  602.8000 0.0744515  16589.25
  603.3000 0.0737396  16575.50
  603.8000 0.0723994  16561.78
  604.3000 0.0704654  16548.07
  604.8000 0.0679866  16534.39
  605.3000 0.0650246  16520.73
  605.8000 0.0616507  16507.10
  606.3000 0.0579437  16493.49
  606.8000 0.0539859  16479.89
  607.3000 0.0498610  16466.33
  607.8000 0.0456509  16452.78
  608.3000 0.0414327  16439.26
  608.8000 0.0372773  16425.76
  609.3000 0.0332470  16412.28
  609.8000 0.0293945  16398.82
  610.3000 0.0257625  16385.38
  610.8000 0.0223829  16371.97
  611.3000 0.0192775  16358.58
  611.8000 0.0164586  16345.21
  612.3000 0.0139296  16331.86
  612.8000 0.0116868  16318.54
CENTER:    614.50NM   FWHM:   10.70NM
  603.8000 0.0100918  16561.78
  604.3000 0.0121129  16548.07
  604.8000 0.0144123  16534.39
  605.3000 0.0169991  16520.73
  605.8000 0.0198759  16507.10
  606.3000 0.0230374  16493.49
  606.8000 0.0264696  16479.89
  607.3000 0.0301486  16466.33
  607.8000 0.0340404  16452.78
  608.3000 0.0381002  16439.26
  608.8000 0.0422735  16425.76
  609.3000 0.0464959  16412.28
  609.8000 0.0506954  16398.82
  610.3000 0.0547935  16385.38
  610.8000 0.0587078  16371.97
  611.3000 0.0623548  16358.58
  611.8000 0.0656523  16345.21
  612.3000 0.0685231  16331.86
  612.8000 0.0708975  16318.54
  613.3000 0.0727163  16305.23
  613.8000 0.0739331  16291.95
  614.3000 0.0745166  16278.69
  614.8000 0.0744515  16265.45
  615.3000 0.0737396  16252.23
  615.8000 0.0723994  16239.04
  616.3000 0.0704654  16225.86
  616.8000 0.0679866  16212.71
  617.3000 0.0650246  16199.58
  617.8000 0.0616507  16186.47
  618.3000 0.0579437  16173.38
  618.8000 0.0539859  16160.31
  619.3000 0.0498610  16147.26
  619.8000 0.0456509  16134.24
  620.3000 0.0414327  16121.23
  620.8000 0.0372773  16108.25
  621.3000 0.0332470  16095.28
  621.8000 0.0293945  16082.34
  622.3000 0.0257625  16069.42
  622.8000 0.0223829  16056.52
  623.3000 0.0192775  16043.64
  623.8000 0.0164586  16030.78
  624.3000 0.0139296  16017.94
  624.8000 0.0116868  16005.12
CENTER:    626.50NM   FWHM:   10.70NM
  615.8000 0.0100918  16239.04
  616.3000 0.0121129  16225.86
  616.8000 0.0144123  16212.71
  617.3000 0.0169991  16199.58
  617.8000 0.0198759  16186.47
  618.3000 0.0230374  16173.38
  618.8000 0.0264696  16160.31
  619.3000 0.0301486  16147.26
  619.8000 0.0340404  16134.24
  620.3000 0.0381002  16121.23
  620.8000 0.0422735  16108.25
  621.3000 0.0464959  16095.28
  621.8000 0.0506954  16082.34
  622.3000 0.0547935  16069.42
  622.8000 0.0587078  16056.52
  623.3000 0.0623548  16043.64
  623.8000 0.0656523  16030.78
  624.3000 0.0685231  16017.94
  624.8000 0.0708975  16005.12
  625.3000 0.0727163  15992.32
  625.8000 0.0739331  15979.55
  626.3000 0.0745166  15966.79
  626.8000 0.0744515  15954.05
  627.3000 0.0737396  15941.34
  627.8000 0.0723994  15928.64
  628.3000 0.0704654  15915.96
  628.8000 0.0679866  15903.31
  629.3000 0.0650246  15890.67
  629.8000 0.0616507  15878.06
  630.3000 0.0579437  15865.46
  630.8000 0.0539859  15852.89
  631.3000 0.0498610  15840.33
  631.8000 0.0456509  15827.79
  632.3000 0.0414327  15815.28
  632.8000 0.0372773  15802.78
  633.3000 0.0332470  15790.30
  633.8000 0.0293945  15777.85
  634.3000 0.0257625  15765.41
  634.8000 0.0223829  15752.99
  635.3000 0.0192775  15740.59
  635.8000 0.0164586  15728.22
  636.3000 0.0139296  15715.86
  636.8000 0.0116868  15703.52
CENTER:    638.30NM   FWHM:   10.40NM
  627.9000 0.0103829  15926.10
  628.4000 0.0125265  15913.43
  628.9000 0.0149735  15900.78
  629.4000 0.0177339  15888.15
  629.9000 0.0208098  15875.54
  630.4000 0.0241945  15862.94
  630.9000 0.0278709  15850.37
  631.4000 0.0318105  15837.82
  631.9000 0.0359727  15825.29
  632.4000 0.0403053  15812.78
  632.9000 0.0447440  15800.28
  633.4000 0.0492144  15787.81
  633.9000 0.0536333  15775.36
  634.4000 0.0579110  15762.93
  634.9000 0.0619545  15750.51
  635.4000 0.0656704  15738.12
  635.9000 0.0689685  15725.74
  636.4000 0.0717656  15713.39
  636.9000 0.0739889  15701.05
  637.4000 0.0755791  15688.74
  637.9000 0.0764930  15676.44
  638.4000 0.0767055  15664.16
  638.9000 0.0762107  15651.90
  639.4000 0.0750222  15639.66
  639.9000 0.0731726  15627.44
  640.4000 0.0707118  15615.24
  640.9000 0.0677049  15603.06
  641.4000 0.0642292  15590.89
  641.9000 0.0603713  15578.75
  642.4000 0.0562228  15566.63
  642.9000 0.0518775  15554.52
  643.4000 0.0474276  15542.43
  643.9000 0.0429603  15530.36
  644.4000 0.0385557  15518.31
  644.9000 0.0342842  15506.28
  645.4000 0.0302054  15494.27
  645.9000 0.0263669  15482.27
  646.4000 0.0228044  15470.30
  646.9000 0.0195418  15458.34
  647.4000 0.0165918  15446.40
  647.9000 0.0139575  15434.48
  648.4000 0.0116334  15422.58
CENTER:    652.00NM   FWHM:   10.30NM
  641.7000 0.0104837  15583.61
  642.2000 0.0126706  15571.47
  642.7000 0.0151700  15559.36
  643.2000 0.0179920  15547.26
  643.7000 0.0211388  15535.19
  644.2000 0.0246030  15523.13
  644.7000 0.0283663  15511.09
  645.2000 0.0323983  15499.07
  645.7000 0.0366564  15487.07
  646.2000 0.0410849  15475.09
  646.7000 0.0456165  15463.12
  647.2000 0.0501727  15451.17
  647.7000 0.0546663  15439.25
  648.2000 0.0590036  15427.34
  648.7000 0.0630875  15415.45
  649.2000 0.0668212  15403.57
  649.7000 0.0701120  15391.72
  650.2000 0.0728746  15379.88
  650.7000 0.0750354  15368.07
  651.2000 0.0765355  15356.27
  651.7000 0.0773332  15344.48
  652.2000 0.0774061  15332.72
  652.7000 0.0767522  15320.97
  653.2000 0.0753899  15309.25
  653.7000 0.0733570  15297.54
  654.2000 0.0707093  15285.85
  654.7000 0.0675177  15274.17
  655.2000 0.0638653  15262.52
  655.7000 0.0598438  15250.88
  656.2000 0.0555494  15239.26
  656.7000 0.0510794  15227.65
  657.2000 0.0465285  15216.07
  657.7000 0.0419854  15204.50
  658.2000 0.0375304  15192.95
  658.7000 0.0332335  15181.42
  659.2000 0.0291524  15169.90
  659.7000 0.0253325  15158.41
  660.2000 0.0218067  15146.93
  660.7000 0.0185955  15135.46
  661.2000 0.0157084  15124.02
  661.7000 0.0131450  15112.59
  662.2000 0.0108968  15101.18
CENTER:    663.90NM   FWHM:   10.40NM
  653.5000 0.0103829  15302.22
  654.0000 0.0125265  15290.52
  654.5000 0.0149735  15278.84
  655.0000 0.0177339  15267.18
  655.5000 0.0208098  15255.53
  656.0000 0.0241945  15243.90
  656.5000 0.0278709  15232.29
  657.0000 0.0318105  15220.70
  657.5000 0.0359727  15209.13
  658.0000 0.0403053  15197.57
  658.5000 0.0447440  15186.03
  659.0000 0.0492144  15174.51
  659.5000 0.0536333  15163.00
  660.0000 0.0579110  15151.52
  660.5000 0.0619545  15140.05
  661.0000 0.0656704  15128.59
  661.5000 0.0689685  15117.16
  662.0000 0.0717656  15105.74
  662.5000 0.0739889  15094.34
  663.0000 0.0755791  15082.96
  663.5000 0.0764930  15071.59
  664.0000 0.0767055  15060.24
  664.5000 0.0762107  15048.91
  665.0000 0.0750222  15037.59
  665.5000 0.0731726  15026.30
  666.0000 0.0707118  15015.02
  666.5000 0.0677049  15003.75
  667.0000 0.0642292  14992.50
  667.5000 0.0603713  14981.27
  668.0000 0.0562228  14970.06
  668.5000 0.0518775  14958.86
  669.0000 0.0474276  14947.68
  669.5000 0.0429603  14936.52
  670.0000 0.0385557  14925.37
  670.5000 0.0342842  14914.24
  671.0000 0.0302054  14903.13
  671.5000 0.0263669  14892.03
  672.0000 0.0228044  14880.95
  672.5000 0.0195418  14869.89
  673.0000 0.0165918  14858.84
  673.5000 0.0139575  14847.81
  674.0000 0.0116334  14836.80
CENTER:    675.80NM   FWHM:   10.30NM
  665.5000 0.0104837  15026.30
  666.0000 0.0126706  15015.02
  666.5000 0.0151700  15003.75
  667.0000 0.0179920  14992.50
  667.5000 0.0211388  14981.27
  668.0000 0.0246030  14970.06
  668.5000 0.0283663  14958.86
  669.0000 0.0323983  14947.68
  669.5000 0.0366564  14936.52
  670.0000 0.0410849  14925.37
  670.5000 0.0456165  14914.24
  671.0000 0.0501727  14903.13
  671.5000 0.0546663  14892.03
  672.0000 0.0590036  14880.95
  672.5000 0.0630875  14869.89
  673.0000 0.0668212  14858.84
  673.5000 0.0701120  14847.81
  674.0000 0.0728746  14836.80
  674.5000 0.0750354  14825.80
  675.0000 0.0765355  14814.81
  675.5000 0.0773332  14803.85
  676.0000 0.0774061  14792.90
  676.5000 0.0767522  14781.97
  677.0000 0.0753899  14771.05
  677.5000 0.0733570  14760.15
  678.0000 0.0707093  14749.26
  678.5000 0.0675177  14738.39
  679.0000 0.0638653  14727.54
  679.5000 0.0598438  14716.70
  680.0000 0.0555494  14705.88
  680.5000 0.0510794  14695.08
  681.0000 0.0465285  14684.29
  681.5000 0.0419854  14673.51
  682.0000 0.0375304  14662.76
  682.5000 0.0332335  14652.01
  683.0000 0.0291524  14641.29
  683.5000 0.0253325  14630.58
  684.0000 0.0218067  14619.88
  684.5000 0.0185955  14609.20
  685.0000 0.0157084  14598.54
  685.5000 0.0131450  14587.89
  686.0000 0.0108968  14577.26
CENTER:    687.50NM   FWHM:   10.30NM
  677.2000 0.0104837  14766.69
  677.7000 0.0126706  14755.79
  678.2000 0.0151700  14744.91
  678.7000 0.0179920  14734.05
  679.2000 0.0211388  14723.20
  679.7000 0.0246030  14712.37
  680.2000 0.0283663  14701.56
  680.7000 0.0323983  14690.76
  681.2000 0.0366564  14679.98
  681.7000 0.0410849  14669.21
  682.2000 0.0456165  14658.46
  682.7000 0.0501727  14647.72
  683.2000 0.0546663  14637.00
  683.7000 0.0590036  14626.30
  684.2000 0.0630875  14615.61
  684.7000 0.0668212  14604.94
  685.2000 0.0701120  14594.28
  685.7000 0.0728746  14583.64
  686.2000 0.0750354  14573.01
  686.7000 0.0765355  14562.40
  687.2000 0.0773332  14551.80
  687.7000 0.0774061  14541.22
  688.2000 0.0767522  14530.66
  688.7000 0.0753899  14520.11
  689.2000 0.0733570  14509.58
  689.7000 0.0707093  14499.06
  690.2000 0.0675177  14488.55
  690.7000 0.0638653  14478.07
  691.2000 0.0598438  14467.59
  691.7000 0.0555494  14457.13
  692.2000 0.0510794  14446.69
  692.7000 0.0465285  14436.26
  693.2000 0.0419854  14425.85
  693.7000 0.0375304  14415.45
  694.2000 0.0332335  14405.07
  694.7000 0.0291524  14394.70
  695.2000 0.0253325  14384.35
  695.7000 0.0218067  14374.01
  696.2000 0.0185955  14363.69
  696.7000 0.0157084  14353.38
  697.2000 0.0131450  14343.09
  697.7000 0.0108968  14332.81
CENTER:    699.20NM   FWHM:   10.40NM
  688.8000 0.0103829  14518.00
  689.3000 0.0125265  14507.47
  689.8000 0.0149735  14496.96
  690.3000 0.0177339  14486.46
  690.8000 0.0208098  14475.97
  691.3000 0.0241945  14465.50
  691.8000 0.0278709  14455.04
  692.3000 0.0318105  14444.60
  692.8000 0.0359727  14434.18
  693.3000 0.0403053  14423.77
  693.8000 0.0447440  14413.38
  694.3000 0.0492144  14403.00
  694.8000 0.0536333  14392.63
  695.3000 0.0579110  14382.28
  695.8000 0.0619545  14371.95
  696.3000 0.0656704  14361.63
  696.8000 0.0689685  14351.32
  697.3000 0.0717656  14341.03
  697.8000 0.0739889  14330.75
  698.3000 0.0755791  14320.49
  698.8000 0.0764930  14310.25
  699.3000 0.0767055  14300.01
  699.8000 0.0762107  14289.80
  700.3000 0.0750222  14279.59
  700.8000 0.0731726  14269.41
  701.3000 0.0707118  14259.23
  701.8000 0.0677049  14249.07
  702.3000 0.0642292  14238.93
  702.8000 0.0603713  14228.80
  703.3000 0.0562228  14218.68
  703.8000 0.0518775  14208.58
  704.3000 0.0474276  14198.49
  704.8000 0.0429603  14188.42
  705.3000 0.0385557  14178.36
  705.8000 0.0342842  14168.32
  706.3000 0.0302054  14158.29
  706.8000 0.0263669  14148.27
  707.3000 0.0228044  14138.27
  707.8000 0.0195418  14128.28
  708.3000 0.0165918  14118.31
  708.8000 0.0139575  14108.35
  709.3000 0.0116334  14098.41
CENTER:    710.90NM   FWHM:    9.90NM
  701.0000 0.0109073  14265.34
  701.5000 0.0132812  14255.17
  702.0000 0.0160076  14245.01
  702.5000 0.0190979  14234.88
  703.0000 0.0225534  14224.75
  703.5000 0.0263638  14214.64
  704.0000 0.0305052  14204.55
  704.5000 0.0349387  14194.46
  705.0000 0.0396105  14184.40
  705.5000 0.0444510  14174.34
  706.0000 0.0493767  14164.31
  706.5000 0.0542915  14154.28
  707.0000 0.0590895  14144.27
  707.5000 0.0636586  14134.28
  708.0000 0.0678849  14124.29
  708.5000 0.0716569  14114.33
  709.0000 0.0748707  14104.37
  709.5000 0.0774346  14094.43
  710.0000 0.0792732  14084.51
  710.5000 0.0803317  14074.60
  711.0000 0.0805780  14064.70
  711.5000 0.0800045  14054.81
  712.0000 0.0786288  14044.94
  712.5000 0.0764923  14035.09
  713.0000 0.0736584  14025.25
  713.5000 0.0702095  14015.42
  714.0000 0.0662428  14005.60
  714.5000 0.0618657  13995.80
  715.0000 0.0571914  13986.01
  715.5000 0.0523335  13976.24
  716.0000 0.0474021  13966.48
  716.5000 0.0424996  13956.73
  717.0000 0.0377173  13947.00
  717.5000 0.0331333  13937.28
  718.0000 0.0288110  13927.58
  718.5000 0.0247983  13917.88
  719.0000 0.0211277  13908.21
  719.5000 0.0178178  13898.54
  720.0000 0.0148738  13888.89
  720.5000 0.0122902  13879.25
CENTER:    722.50NM   FWHM:   10.20NM
  712.3000 0.0105865  14039.03
  712.8000 0.0128180  14029.18
  713.3000 0.0153714  14019.35
  713.8000 0.0182572  14009.53
  714.3000 0.0214773  13999.72
  714.8000 0.0250237  13989.93
  715.3000 0.0288767  13980.15
  715.8000 0.0330043  13970.38
  716.3000 0.0373611  13960.63
  716.8000 0.0418884  13950.89
  717.3000 0.0465151  13941.17
  717.8000 0.0511587  13931.46
  718.3000 0.0557276  13921.76
  718.8000 0.0601239  13912.08
  719.3000 0.0642466  13902.41
  719.8000 0.0679952  13892.75
  720.3000 0.0712742  13883.10
  720.8000 0.0739967  13873.47
  721.3000 0.0760883  13863.86
  721.8000 0.0774906  13854.25
  722.3000 0.0781639  13844.66
  722.8000 0.0780888  13835.09
  723.3000 0.0772675  13825.52
  723.8000 0.0757235  13815.97
  724.3000 0.0735005  13806.43
  724.8000 0.0706603  13796.91
  725.3000 0.0672801  13787.40
  725.8000 0.0634488  13777.90
  726.3000 0.0592633  13768.42
  726.8000 0.0548244  13758.94
  727.3000 0.0502329  13749.48
  727.8000 0.0455856  13740.04
  728.3000 0.0409725  13730.61
  728.8000 0.0364740  13721.19
  729.3000 0.0321588  13711.78
  729.8000 0.0280829  13702.38
  730.3000 0.0242891  13693.00
  730.8000 0.0208068  13683.63
  731.3000 0.0176532  13674.28
  731.8000 0.0148344  13664.94
  732.3000 0.0123464  13655.61
CENTER:    733.90NM   FWHM:    9.80NM
  724.1000 0.0110186  13810.25
  724.6000 0.0134430  13800.72
  725.1000 0.0162310  13791.20
  725.6000 0.0193941  13781.70
  726.1000 0.0229337  13772.21
  726.6000 0.0268385  13762.73
  727.1000 0.0310826  13753.27
  727.6000 0.0356251  13743.82
  728.1000 0.0404085  13734.38
  728.6000 0.0453594  13724.95
  729.1000 0.0503894  13715.54
  729.6000 0.0553975  13706.14
  730.1000 0.0602724  13696.75
  730.6000 0.0648970  13687.38
  731.1000 0.0691526  13678.02
  731.6000 0.0729241  13668.67
  732.1000 0.0761047  13659.34
  732.6000 0.0786013  13650.01
  733.1000 0.0803389  13640.70
  733.6000 0.0812643  13631.41
  734.1000 0.0813490  13622.12
  734.6000 0.0805902  13612.85
  735.1000 0.0790115  13603.59
  735.6000 0.0766614  13594.34
  736.1000 0.0736107  13585.11
  736.6000 0.0699492  13575.89
  737.1000 0.0657814  13566.68
  737.6000 0.0612211  13557.48
  738.1000 0.0563868  13548.30
  738.6000 0.0513962  13539.13
  739.1000 0.0463621  13529.97
  739.6000 0.0413879  13520.82
  740.1000 0.0365646  13511.69
  740.6000 0.0319689  13502.57
  741.1000 0.0276612  13493.46
  741.6000 0.0236861  13484.36
  742.1000 0.0200721  13475.27
  742.6000 0.0168334  13466.20
  743.1000 0.0139710  13457.14
  743.6000 0.0114752  13448.09
CENTER:    745.00NM   FWHM:    9.90NM
  735.1000 0.0109073  13603.59
  735.6000 0.0132812  13594.34
  736.1000 0.0160076  13585.11
  736.6000 0.0190979  13575.89
  737.1000 0.0225534  13566.68
  737.6000 0.0263638  13557.48
  738.1000 0.0305052  13548.30
  738.6000 0.0349387  13539.13
  739.1000 0.0396105  13529.97
  739.6000 0.0444510  13520.82
  740.1000 0.0493767  13511.69
  740.6000 0.0542915  13502.57
  741.1000 0.0590895  13493.46
  741.6000 0.0636586  13484.36
  742.1000 0.0678849  13475.27
  742.6000 0.0716569  13466.20
  743.1000 0.0748707  13457.14
  743.6000 0.0774346  13448.09
  744.1000 0.0792732  13439.05
  744.6000 0.0803317  13430.03
  745.1000 0.0805780  13421.02
  745.6000 0.0800045  13412.02
  746.1000 0.0786288  13403.03
  746.6000 0.0764923  13394.05
  747.1000 0.0736584  13385.09
  747.6000 0.0702095  13376.14
  748.1000 0.0662428  13367.20
  748.6000 0.0618657  13358.27
  749.1000 0.0571914  13349.35
  749.6000 0.0523335  13340.45
  750.1000 0.0474021  13331.56
  750.6000 0.0424996  13322.68
  751.1000 0.0377173  13313.81
  751.6000 0.0331333  13304.95
  752.1000 0.0288110  13296.10
  752.6000 0.0247983  13287.27
  753.1000 0.0211277  13278.45
  753.6000 0.0178178  13269.64
  754.1000 0.0148738  13260.84
  754.6000 0.0122902  13252.05
CENTER:    756.00NM   FWHM:    9.90NM
  746.1000 0.0109073  13403.03
  746.6000 0.0132812  13394.05
  747.1000 0.0160076  13385.09
  747.6000 0.0190979  13376.14
  748.1000 0.0225534  13367.20
  748.6000 0.0263638  13358.27
  749.1000 0.0305052  13349.35
  749.6000 0.0349387  13340.45
  750.1000 0.0396105  13331.56
  750.6000 0.0444510  13322.68
  751.1000 0.0493767  13313.81
  751.6000 0.0542915  13304.95
  752.1000 0.0590895  13296.10
  752.6000 0.0636586  13287.27
  753.1000 0.0678849  13278.45
  753.6000 0.0716569  13269.64
  754.1000 0.0748707  13260.84
  754.6000 0.0774346  13252.05
  755.1000 0.0792732  13243.28
  755.6000 0.0803317  13234.52
  756.1000 0.0805780  13225.76
  756.6000 0.0800045  13217.02
  757.1000 0.0786288  13208.29
  757.6000 0.0764923  13199.58
  758.1000 0.0736584  13190.87
  758.6000 0.0702095  13182.18
  759.1000 0.0662428  13173.49
  759.6000 0.0618657  13164.82
  760.1000 0.0571914  13156.16
  760.6000 0.0523335  13147.52
  761.1000 0.0474021  13138.88
  761.6000 0.0424996  13130.25
  762.1000 0.0377173  13121.64
  762.6000 0.0331333  13113.03
  763.1000 0.0288110  13104.44
  763.6000 0.0247983  13095.86
  764.1000 0.0211277  13087.29
  764.6000 0.0178178  13078.73
  765.1000 0.0148738  13070.19
  765.6000 0.0122902  13061.65
CENTER:    767.10NM   FWHM:    9.70NM
  757.4000 0.0111322  13203.06
  757.9000 0.0136087  13194.35
  758.4000 0.0164603  13185.65
  758.9000 0.0196990  13176.97
  759.4000 0.0233257  13168.29
  759.9000 0.0273281  13159.63
  760.4000 0.0316787  13150.97
  760.9000 0.0363338  13142.33
  761.4000 0.0412323  13133.70
  761.9000 0.0462966  13125.08
  762.4000 0.0514334  13116.47
  762.9000 0.0565360  13107.88
  763.4000 0.0614879  13099.29
  763.9000 0.0661665  13090.72
  764.4000 0.0704484  13082.16
  764.9000 0.0742144  13073.60
  765.4000 0.0773552  13065.06
  765.9000 0.0797765  13056.53
  766.4000 0.0814038  13048.02
  766.9000 0.0821862  13039.51
  767.4000 0.0820989  13031.01
  767.9000 0.0811447  13022.53
  768.4000 0.0793537  13014.06
  768.9000 0.0767818  13005.59
  769.4000 0.0735079  12997.14
  769.9000 0.0696296  12988.70
  770.4000 0.0652586  12980.27
  770.9000 0.0605154  12971.85
  771.4000 0.0555237  12963.44
  771.9000 0.0504052  12955.05
  772.4000 0.0452748  12946.66
  772.9000 0.0402366  12938.28
  773.4000 0.0353811  12929.92
  773.9000 0.0307826  12921.57
  774.4000 0.0264986  12913.22
  774.9000 0.0225697  12904.89
  775.4000 0.0190201  12896.57
  775.9000 0.0158593  12888.26
  776.4000 0.0130839  12879.96
CENTER:    778.10NM   FWHM:    9.90NM
  768.2000 0.0109073  13017.44
  768.7000 0.0132812  13008.98
  769.2000 0.0160076  13000.52
  769.7000 0.0190979  12992.07
  770.2000 0.0225534  12983.64
  770.7000 0.0263638  12975.22
  771.2000 0.0305052  12966.80
  771.7000 0.0349387  12958.40
  772.2000 0.0396105  12950.01
  772.7000 0.0444510  12941.63
  773.2000 0.0493767  12933.26
  773.7000 0.0542915  12924.91
  774.2000 0.0590895  12916.56
  774.7000 0.0636586  12908.22
  775.2000 0.0678849  12899.90
  775.7000 0.0716569  12891.58
  776.2000 0.0748707  12883.28
  776.7000 0.0774346  12874.98
  777.2000 0.0792732  12866.70
  777.7000 0.0803317  12858.43
  778.2000 0.0805780  12850.17
  778.7000 0.0800045  12841.92
  779.2000 0.0786288  12833.68
  779.7000 0.0764923  12825.45
  780.2000 0.0736584  12817.23
  780.7000 0.0702095  12809.02
  781.2000 0.0662428  12800.82
  781.7000 0.0618657  12792.63
  782.2000 0.0571914  12784.45
  782.7000 0.0523335  12776.29
  783.2000 0.0474021  12768.13
  783.7000 0.0424996  12759.98
  784.2000 0.0377173  12751.85
  784.7000 0.0331333  12743.72
  785.2000 0.0288110  12735.61
  785.7000 0.0247983  12727.50
  786.2000 0.0211277  12719.41
  786.7000 0.0178178  12711.33
  787.2000 0.0148738  12703.25
  787.7000 0.0122902  12695.19
CENTER:    789.20NM   FWHM:    9.60NM
  779.6000 0.0112481  12827.09
  780.1000 0.0137785  12818.87
  780.6000 0.0166959  12810.66
  781.1000 0.0200128  12802.46
  781.6000 0.0237297  12794.27
  782.1000 0.0278333  12786.09
  782.6000 0.0322942  12777.92
  783.1000 0.0370657  12769.76
  783.6000 0.0420831  12761.61
  784.1000 0.0472639  12753.48
  784.6000 0.0525098  12745.35
  785.1000 0.0577083  12737.23
  785.6000 0.0627370  12729.12
  786.1000 0.0674678  12721.03
  786.6000 0.0717724  12712.94
  787.1000 0.0755276  12704.87
  787.6000 0.0786215  12696.80
  788.1000 0.0809589  12688.75
  788.6000 0.0824662  12680.70
  789.1000 0.0830949  12672.67
  789.6000 0.0828249  12664.64
  790.1000 0.0816648  12656.63
  790.6000 0.0796519  12648.62
  791.1000 0.0768503  12640.63
  791.6000 0.0733469  12632.64
  792.1000 0.0692479  12624.67
  792.6000 0.0646723  12616.70
  793.1000 0.0597472  12608.75
  793.6000 0.0546015  12600.81
  794.1000 0.0493605  12592.87
  794.6000 0.0441410  12584.95
  795.1000 0.0390474  12577.03
  795.6000 0.0341688  12569.13
  796.1000 0.0295770  12561.24
  796.6000 0.0253260  12553.35
  797.1000 0.0214520  12545.48
  797.6000 0.0179744  12537.61
  798.1000 0.0148981  12529.76
  798.6000 0.0122150  12521.91
CENTER:    799.90NM   FWHM:    9.80NM
  790.1000 0.0110186  12656.63
  790.6000 0.0134430  12648.62
  791.1000 0.0162310  12640.63
  791.6000 0.0193941  12632.64
  792.1000 0.0229337  12624.67
  792.6000 0.0268385  12616.70
  793.1000 0.0310826  12608.75
  793.6000 0.0356251  12600.81
  794.1000 0.0404085  12592.87
  794.6000 0.0453594  12584.95
  795.1000 0.0503894  12577.03
  795.6000 0.0553975  12569.13
  796.1000 0.0602724  12561.24
  796.6000 0.0648970  12553.35
  797.1000 0.0691526  12545.48
  797.6000 0.0729241  12537.61
  798.1000 0.0761047  12529.76
  798.6000 0.0786013  12521.91
  799.1000 0.0803389  12514.08
  799.6000 0.0812643  12506.25
  800.1000 0.0813490  12498.44
  800.6000 0.0805902  12490.63
  801.1000 0.0790115  12482.84
  801.6000 0.0766614  12475.05
  802.1000 0.0736107  12467.27
  802.6000 0.0699492  12459.51
  803.1000 0.0657814  12451.75
  803.6000 0.0612211  12444.00
  804.1000 0.0563868  12436.26
  804.6000 0.0513962  12428.54
  805.1000 0.0463621  12420.82
  805.6000 0.0413879  12413.11
  806.1000 0.0365646  12405.41
  806.6000 0.0319689  12397.72
  807.1000 0.0276612  12390.04
  807.6000 0.0236861  12382.37
  808.1000 0.0200721  12374.71
  808.6000 0.0168334  12367.05
  809.1000 0.0139710  12359.41
  809.6000 0.0114752  12351.78
CENTER:    810.60NM   FWHM:    9.40NM
  801.2000 0.0114874  12481.28
  801.7000 0.0141309  12473.49
  802.2000 0.0171870  12465.72
  802.7000 0.0206688  12457.95
  803.2000 0.0245762  12450.20
  803.7000 0.0288935  12442.45
  804.2000 0.0335870  12434.72
  804.7000 0.0386034  12426.99
  805.2000 0.0438698  12419.27
  805.7000 0.0492937  12411.57
  806.2000 0.0547648  12403.87
  806.7000 0.0601584  12396.18
  807.2000 0.0653395  12388.50
  807.7000 0.0701683  12380.83
  808.2000 0.0745059  12373.17
  808.7000 0.0782214  12365.52
  809.2000 0.0811980  12357.88
  809.7000 0.0833393  12350.25
  810.2000 0.0845745  12342.63
  810.7000 0.0848621  12335.02
  811.2000 0.0841925  12327.42
  811.7000 0.0825882  12319.82
  812.2000 0.0801027  12312.24
  812.7000 0.0768177  12304.66
  813.2000 0.0728384  12297.10
  813.7000 0.0682881  12289.54
  814.2000 0.0633015  12281.99
  814.7000 0.0580187  12274.46
  815.2000 0.0525784  12266.93
  815.7000 0.0471119  12259.41
  816.2000 0.0417388  12251.90
  816.7000 0.0365623  12244.40
  817.2000 0.0316674  12236.91
  817.7000 0.0271192  12229.42
  818.2000 0.0229628  12221.95
  818.7000 0.0192246  12214.49
  819.2000 0.0159139  12207.03
  819.7000 0.0130251  12199.59
CENTER:    821.10NM   FWHM:    9.40NM
  811.7000 0.0114874  12319.82
  812.2000 0.0141309  12312.24
  812.7000 0.0171870  12304.66
  813.2000 0.0206688  12297.10
  813.7000 0.0245762  12289.54
  814.2000 0.0288935  12281.99
  814.7000 0.0335870  12274.46
  815.2000 0.0386034  12266.93
  815.7000 0.0438698  12259.41
  816.2000 0.0492937  12251.90
  816.7000 0.0547648  12244.40
  817.2000 0.0601584  12236.91
  817.7000 0.0653395  12229.42
  818.2000 0.0701683  12221.95
  818.7000 0.0745059  12214.49
  819.2000 0.0782214  12207.03
  819.7000 0.0811980  12199.59
  820.2000 0.0833393  12192.15
  820.7000 0.0845745  12184.72
  821.2000 0.0848621  12177.30
  821.7000 0.0841925  12169.89
  822.2000 0.0825882  12162.49
  822.7000 0.0801027  12155.10
  823.2000 0.0768177  12147.72
  823.7000 0.0728384  12140.34
  824.2000 0.0682881  12132.98
  824.7000 0.0633015  12125.62
  825.2000 0.0580187  12118.27
  825.7000 0.0525784  12110.94
  826.2000 0.0471119  12103.61
  826.7000 0.0417388  12096.29
  827.2000 0.0365623  12088.97
  827.7000 0.0316674  12081.67
  828.2000 0.0271192  12074.38
  828.7000 0.0229628  12067.09
  829.2000 0.0192246  12059.82
  829.7000 0.0159139  12052.55
  830.2000 0.0130251  12045.29
CENTER:    833.00NM   FWHM:    9.20NM
  823.8000 0.0117372  12138.87
  824.3000 0.0145014  12131.51
  824.8000 0.0177062  12124.15
  825.3000 0.0213653  12116.81
  825.8000 0.0254778  12109.47
  826.3000 0.0300251  12102.14
  826.8000 0.0349683  12094.82
  827.3000 0.0402471  12087.51
  827.8000 0.0457787  12080.21
  828.3000 0.0514590  12072.92
  828.8000 0.0571647  12065.64
  829.3000 0.0627572  12058.36
  829.8000 0.0680876  12051.10
  830.3000 0.0730031  12043.84
  830.8000 0.0773541  12036.59
  831.3000 0.0810018  12029.35
  831.8000 0.0838252  12022.12
  832.3000 0.0857282  12014.90
  832.8000 0.0866446  12007.68
  833.3000 0.0865423  12000.48
  833.8000 0.0854249  11993.28
  834.3000 0.0833315  11986.10
  834.8000 0.0803346  11978.92
  835.3000 0.0765359  11971.75
  835.8000 0.0720604  11964.58
  836.3000 0.0670498  11957.43
  836.8000 0.0616548  11950.29
  837.3000 0.0560280  11943.15
  837.8000 0.0503167  11936.02
  838.3000 0.0446569  11928.90
  838.8000 0.0391682  11921.79
  839.3000 0.0339506  11914.69
  839.8000 0.0290824  11907.60
  840.3000 0.0246197  11900.51
  840.8000 0.0205969  11893.43
  841.3000 0.0170291  11886.37
  841.8000 0.0139140  11879.31
CENTER:    843.50NM   FWHM:    9.40NM
  834.1000 0.0114874  11988.97
  834.6000 0.0141309  11981.79
  835.1000 0.0171870  11974.61
  835.6000 0.0206688  11967.45
  836.1000 0.0245762  11960.29
  836.6000 0.0288935  11953.14
  837.1000 0.0335870  11946.00
  837.6000 0.0386034  11938.87
  838.1000 0.0438698  11931.75
  838.6000 0.0492937  11924.64
  839.1000 0.0547648  11917.53
  839.6000 0.0601584  11910.43
  840.1000 0.0653395  11903.34
  840.6000 0.0701683  11896.26
  841.1000 0.0745059  11889.19
  841.6000 0.0782214  11882.13
  842.1000 0.0811980  11875.07
  842.6000 0.0833393  11868.03
  843.1000 0.0845745  11860.99
  843.6000 0.0848621  11853.96
  844.1000 0.0841925  11846.94
  844.6000 0.0825882  11839.92
  845.1000 0.0801027  11832.92
  845.6000 0.0768177  11825.92
  846.1000 0.0728384  11818.93
  846.6000 0.0682881  11811.95
  847.1000 0.0633015  11804.98
  847.6000 0.0580187  11798.02
  848.1000 0.0525784  11791.06
  848.6000 0.0471119  11784.12
  849.1000 0.0417388  11777.18
  849.6000 0.0365623  11770.24
  850.1000 0.0316674  11763.32
  850.6000 0.0271192  11756.41
  851.1000 0.0229628  11749.50
  851.6000 0.0192246  11742.60
  852.1000 0.0159139  11735.71
  852.6000 0.0130251  11728.83
CENTER:    853.70NM   FWHM:    9.10NM
  844.6000 0.0118661  11839.92
  845.1000 0.0146939  11832.92
  845.6000 0.0179771  11825.92
  846.1000 0.0217299  11818.93
  846.6000 0.0259508  11811.95
  847.1000 0.0306197  11804.98
  847.6000 0.0356948  11798.02
  848.1000 0.0411117  11791.06
  848.6000 0.0467823  11784.12
  849.1000 0.0525960  11777.18
  849.6000 0.0584224  11770.24
  850.1000 0.0641154  11763.32
  850.6000 0.0695184  11756.41
  851.1000 0.0744721  11749.50
  851.6000 0.0788211  11742.60
  852.1000 0.0824227  11735.71
  852.6000 0.0851544  11728.83
  853.1000 0.0869206  11721.96
  853.6000 0.0876584  11715.09
  854.1000 0.0873415  11708.23
  854.6000 0.0859810  11701.38
  855.1000 0.0836258  11694.54
  855.6000 0.0803588  11687.70
  856.1000 0.0762926  11680.88
  856.6000 0.0715627  11674.06
  857.1000 0.0663203  11667.25
  857.6000 0.0607242  11660.45
  858.1000 0.0549329  11653.65
  858.6000 0.0490975  11646.87
  859.1000 0.0433552  11640.09
  859.6000 0.0378250  11633.32
  860.1000 0.0326041  11626.56
  860.6000 0.0277664  11619.80
  861.1000 0.0233628  11613.05
  861.6000 0.0194216  11606.31
  862.1000 0.0159514  11599.58
  862.6000 0.0129440  11592.86
CENTER:    863.90NM   FWHM:    9.20NM
  854.7000 0.0117372  11700.01
  855.2000 0.0145014  11693.17
  855.7000 0.0177062  11686.34
  856.2000 0.0213653  11679.51
  856.7000 0.0254778  11672.70
  857.2000 0.0300251  11665.89
  857.7000 0.0349683  11659.09
  858.2000 0.0402471  11652.30
  858.7000 0.0457787  11645.51
  859.2000 0.0514590  11638.73
  859.7000 0.0571647  11631.96
  860.2000 0.0627572  11625.20
  860.7000 0.0680876  11618.45
  861.2000 0.0730031  11611.70
  861.7000 0.0773541  11604.97
  862.2000 0.0810018  11598.24
  862.7000 0.0838252  11591.52
  863.2000 0.0857282  11584.80
  863.7000 0.0866446  11578.09
  864.2000 0.0865423  11571.40
  864.7000 0.0854249  11564.70
  865.2000 0.0833315  11558.02
  865.7000 0.0803346  11551.35
  866.2000 0.0765359  11544.68
  866.7000 0.0720604  11538.02
  867.2000 0.0670498  11531.37
  867.7000 0.0616548  11524.72
  868.2000 0.0560280  11518.08
  868.7000 0.0503167  11511.45
  869.2000 0.0446569  11504.83
  869.7000 0.0391682  11498.22
  870.2000 0.0339506  11491.61
  870.7000 0.0290824  11485.01
  871.2000 0.0246197  11478.42
  871.7000 0.0205969  11471.84
  872.2000 0.0170291  11465.26
  872.7000 0.0139140  11458.69
CENTER:    874.00NM   FWHM:    9.00NM
  865.0000 0.0119980  11560.69
  865.5000 0.0148915  11554.02
  866.0000 0.0182560  11547.34
  866.5000 0.0221060  11540.68
  867.0000 0.0264396  11534.03
  867.5000 0.0312347  11527.38
  868.0000 0.0364467  11520.74
  868.5000 0.0420066  11514.10
  869.0000 0.0478205  11507.48
  869.5000 0.0537713  11500.86
  870.0000 0.0597206  11494.25
  870.5000 0.0655144  11487.65
  871.0000 0.0709884  11481.06
  871.5000 0.0759761  11474.47
  872.0000 0.0803164  11467.89
  872.5000 0.0838629  11461.32
  873.0000 0.0864917  11454.75
  873.5000 0.0881083  11448.20
  874.0000 0.0886538  11441.65
  874.5000 0.0881083  11435.11
  875.0000 0.0864917  11428.57
  875.5000 0.0838629  11422.04
  876.0000 0.0803164  11415.53
  876.5000 0.0759761  11409.01
  877.0000 0.0709884  11402.51
  877.5000 0.0655144  11396.01
  878.0000 0.0597206  11389.52
  878.5000 0.0537713  11383.04
  879.0000 0.0478205  11376.56
  879.5000 0.0420066  11370.10
  880.0000 0.0364467  11363.64
  880.5000 0.0312347  11357.18
  881.0000 0.0264396  11350.74
  881.5000 0.0221060  11344.30
  882.0000 0.0182560  11337.87
  882.5000 0.0148915  11331.44
  883.0000 0.0119980  11325.03
CENTER:    883.90NM   FWHM:    9.20NM
  874.7000 0.0117372  11432.49
  875.2000 0.0145014  11425.96
  875.7000 0.0177062  11419.44
  876.2000 0.0213653  11412.92
  876.7000 0.0254778  11406.41
  877.2000 0.0300251  11399.91
  877.7000 0.0349683  11393.41
  878.2000 0.0402471  11386.93
  878.7000 0.0457787  11380.45
  879.2000 0.0514590  11373.98
  879.7000 0.0571647  11367.51
  880.2000 0.0627572  11361.05
  880.7000 0.0680876  11354.60
  881.2000 0.0730031  11348.16
  881.7000 0.0773541  11341.73
  882.2000 0.0810018  11335.30
  882.7000 0.0838252  11328.88
  883.2000 0.0857282  11322.46
  883.7000 0.0866446  11316.06
  884.2000 0.0865423  11309.66
  884.7000 0.0854249  11303.27
  885.2000 0.0833315  11296.88
  885.7000 0.0803346  11290.50
  886.2000 0.0765359  11284.13
  886.7000 0.0720604  11277.77
  887.2000 0.0670498  11271.42
  887.7000 0.0616548  11265.07
  888.2000 0.0560280  11258.73
  888.7000 0.0503167  11252.39
  889.2000 0.0446569  11246.06
  889.7000 0.0391682  11239.74
  890.2000 0.0339506  11233.43
  890.7000 0.0290824  11227.12
  891.2000 0.0246197  11220.83
  891.7000 0.0205969  11214.53
  892.2000 0.0170291  11208.25
  892.7000 0.0139140  11201.97
CENTER:    893.70NM   FWHM:    8.90NM
  884.8000 0.0121328  11301.99
  885.3000 0.0150943  11295.61
  885.8000 0.0185432  11289.23
  886.3000 0.0224942  11282.86
  886.8000 0.0269448  11276.50
  887.3000 0.0318711  11270.15
  887.8000 0.0372251  11263.80
  888.3000 0.0429331  11257.46
  888.8000 0.0488950  11251.13
  889.3000 0.0549864  11244.80
  889.8000 0.0610608  11238.48
  890.3000 0.0669556  11232.17
  890.8000 0.0724985  11225.86
  891.3000 0.0775154  11219.57
  891.8000 0.0818397  11213.28
  892.3000 0.0853213  11206.99
  892.8000 0.0878351  11200.72
  893.3000 0.0892885  11194.45
  893.8000 0.0896273  11188.19
  894.3000 0.0888387  11181.93
  894.8000 0.0869524  11175.68
  895.3000 0.0840384  11169.44
  895.8000 0.0802032  11163.21
  896.3000 0.0755827  11156.98
  896.8000 0.0703348  11150.76
  897.3000 0.0646302  11144.54
  897.8000 0.0586432  11138.34
  898.3000 0.0525433  11132.14
  898.8000 0.0464872  11125.95
  899.3000 0.0406132  11119.76
  899.8000 0.0350363  11113.58
  900.3000 0.0298460  11107.41
  900.8000 0.0251057  11101.24
  901.3000 0.0208533  11095.08
  901.8000 0.0171039  11088.93
  902.3000 0.0138526  11082.79
CENTER:    903.10NM   FWHM:    8.90NM
  894.2000 0.0121328  11183.18
  894.7000 0.0150943  11176.93
  895.2000 0.0185432  11170.69
  895.7000 0.0224942  11164.45
  896.2000 0.0269448  11158.22
  896.7000 0.0318711  11152.00
  897.2000 0.0372251  11145.79
  897.7000 0.0429331  11139.58
  898.2000 0.0488950  11133.38
  898.7000 0.0549864  11127.18
  899.2000 0.0610608  11121.00
  899.7000 0.0669556  11114.82
  900.2000 0.0724985  11108.64
  900.7000 0.0775154  11102.48
  901.2000 0.0818397  11096.32
  901.7000 0.0853213  11090.16
  902.2000 0.0878351  11084.02
  902.7000 0.0892885  11077.88
  903.2000 0.0896273  11071.74
  903.7000 0.0888387  11065.62
  904.2000 0.0869524  11059.50
  904.7000 0.0840384  11053.39
  905.2000 0.0802032  11047.28
  905.7000 0.0755827  11041.18
  906.2000 0.0703348  11035.09
  906.7000 0.0646302  11029.01
  907.2000 0.0586432  11022.93
  907.7000 0.0525433  11016.86
  908.2000 0.0464872  11010.79
  908.7000 0.0406132  11004.73
  909.2000 0.0350363  10998.68
  909.7000 0.0298460  10992.63
  910.2000 0.0251057  10986.60
  910.7000 0.0208533  10980.56
  911.2000 0.0171039  10974.54
  911.7000 0.0138526  10968.52
CENTER:    912.60NM   FWHM:    9.00NM
  903.6000 0.0119980  11066.84
  904.1000 0.0148915  11060.72
  904.6000 0.0182560  11054.61
  905.1000 0.0221060  11048.50
  905.6000 0.0264396  11042.40
  906.1000 0.0312347  11036.31
  906.6000 0.0364467  11030.22
  907.1000 0.0420066  11024.14
  907.6000 0.0478205  11018.07
  908.1000 0.0537713  11012.00
  908.6000 0.0597206  11005.94
  909.1000 0.0655144  10999.89
  909.6000 0.0709884  10993.84
  910.1000 0.0759761  10987.80
  910.6000 0.0803164  10981.77
  911.1000 0.0838629  10975.74
  911.6000 0.0864917  10969.72
  912.1000 0.0881083  10963.71
  912.6000 0.0886538  10957.70
  913.1000 0.0881083  10951.70
  913.6000 0.0864917  10945.71
  914.1000 0.0838629  10939.72
  914.6000 0.0803164  10933.74
  915.1000 0.0759761  10927.77
  915.6000 0.0709884  10921.80
  916.1000 0.0655144  10915.84
  916.6000 0.0597206  10909.88
  917.1000 0.0537713  10903.94
  917.6000 0.0478205  10897.99
  918.1000 0.0420066  10892.06
  918.6000 0.0364467  10886.13
  919.1000 0.0312347  10880.21
  919.6000 0.0264396  10874.29
  920.1000 0.0221060  10868.38
  920.6000 0.0182560  10862.48
  921.1000 0.0148915  10856.58
  921.6000 0.0119980  10850.69
CENTER:    922.00NM   FWHM:    9.00NM
  913.0000 0.0119980  10952.90
  913.5000 0.0148915  10946.91
  914.0000 0.0182560  10940.92
  914.5000 0.0221060  10934.94
  915.0000 0.0264396  10928.96
  915.5000 0.0312347  10922.99
  916.0000 0.0364467  10917.03
  916.5000 0.0420066  10911.07
  917.0000 0.0478205  10905.13
  917.5000 0.0537713  10899.18
  918.0000 0.0597206  10893.25
  918.5000 0.0655144  10887.32
  919.0000 0.0709884  10881.39
  919.5000 0.0759761  10875.48
  920.0000 0.0803164  10869.57
  920.5000 0.0838629  10863.66
  921.0000 0.0864917  10857.76
  921.5000 0.0881083  10851.87
  922.0000 0.0886538  10845.99
  922.5000 0.0881083  10840.11
  923.0000 0.0864917  10834.24
  923.5000 0.0838629  10828.37
  924.0000 0.0803164  10822.51
  924.5000 0.0759761  10816.66
  925.0000 0.0709884  10810.81
  925.5000 0.0655144  10804.97
  926.0000 0.0597206  10799.14
  926.5000 0.0537713  10793.31
  927.0000 0.0478205  10787.49
  927.5000 0.0420066  10781.67
  928.0000 0.0364467  10775.86
  928.5000 0.0312347  10770.06
  929.0000 0.0264396  10764.26
  929.5000 0.0221060  10758.47
  930.0000 0.0182560  10752.69
  930.5000 0.0148915  10746.91
  931.0000 0.0119980  10741.14
CENTER:    931.10NM   FWHM:    8.90NM
  922.2000 0.0121328  10843.63
  922.7000 0.0150943  10837.76
  923.2000 0.0185432  10831.89
  923.7000 0.0224942  10826.03
  924.2000 0.0269448  10820.17
  924.7000 0.0318711  10814.32
  925.2000 0.0372251  10808.47
  925.7000 0.0429331  10802.64
  926.2000 0.0488950  10796.80
  926.7000 0.0549864  10790.98
  927.2000 0.0610608  10785.16
  927.7000 0.0669556  10779.35
  928.2000 0.0724985  10773.54
  928.7000 0.0775154  10767.74
  929.2000 0.0818397  10761.95
  929.7000 0.0853213  10756.16
  930.2000 0.0878351  10750.38
  930.7000 0.0892885  10744.60
  931.2000 0.0896273  10738.83
  931.7000 0.0888387  10733.07
  932.2000 0.0869524  10727.31
  932.7000 0.0840384  10721.56
  933.2000 0.0802032  10715.82
  933.7000 0.0755827  10710.08
  934.2000 0.0703348  10704.35
  934.7000 0.0646302  10698.62
  935.2000 0.0586432  10692.90
  935.7000 0.0525433  10687.19
  936.2000 0.0464872  10681.48
  936.7000 0.0406132  10675.78
  937.2000 0.0350363  10670.08
  937.7000 0.0298460  10664.39
  938.2000 0.0251057  10658.71
  938.7000 0.0208533  10653.03
  939.2000 0.0171039  10647.36
  939.7000 0.0138526  10641.69
CENTER:    940.20NM   FWHM:    9.00NM
  931.2000 0.0119980  10738.83
  931.7000 0.0148915  10733.07
  932.2000 0.0182560  10727.31
  932.7000 0.0221060  10721.56
  933.2000 0.0264396  10715.82
  933.7000 0.0312347  10710.08
  934.2000 0.0364467  10704.35
  934.7000 0.0420066  10698.62
  935.2000 0.0478205  10692.90
  935.7000 0.0537713  10687.19
  936.2000 0.0597206  10681.48
  936.7000 0.0655144  10675.78
  937.2000 0.0709884  10670.08
  937.7000 0.0759761  10664.39
  938.2000 0.0803164  10658.71
  938.7000 0.0838629  10653.03
  939.2000 0.0864917  10647.36
  939.7000 0.0881083  10641.69
  940.2000 0.0886538  10636.03
  940.7000 0.0881083  10630.38
  941.2000 0.0864917  10624.73
  941.7000 0.0838629  10619.09
  942.2000 0.0803164  10613.46
  942.7000 0.0759761  10607.83
  943.2000 0.0709884  10602.21
  943.7000 0.0655144  10596.59
  944.2000 0.0597206  10590.98
  944.7000 0.0537713  10585.37
  945.2000 0.0478205  10579.77
  945.7000 0.0420066  10574.18
  946.2000 0.0364467  10568.59
  946.7000 0.0312347  10563.01
  947.2000 0.0264396  10557.43
  947.7000 0.0221060  10551.86
  948.2000 0.0182560  10546.30
  948.7000 0.0148915  10540.74
  949.2000 0.0119980  10535.19
CENTER:    949.20NM   FWHM:    8.60NM
  940.6000 0.0125560  10631.51
  941.1000 0.0157368  10625.86
  941.6000 0.0194584  10620.22
  942.1000 0.0237369  10614.58
  942.6000 0.0285674  10608.95
  943.1000 0.0339192  10603.33
  943.6000 0.0397327  10597.71
  944.1000 0.0459176  10592.10
  944.6000 0.0523525  10586.49
  945.1000 0.0588877  10580.89
  945.6000 0.0653490  10575.30
  946.1000 0.0715454  10569.71
  946.6000 0.0772773  10564.12
  947.1000 0.0823475  10558.55
  947.6000 0.0865719  10552.98
  948.1000 0.0897907  10547.41
  948.6000 0.0918785  10541.85
  949.1000 0.0927522  10536.30
  949.6000 0.0923767  10530.75
  950.1000 0.0907672  10525.21
  950.6000 0.0879880  10519.67
  951.1000 0.0841484  10514.14
  951.6000 0.0793955  10508.62
  952.1000 0.0739051  10503.10
  952.6000 0.0678704  10497.59
  953.1000 0.0614915  10492.08
  953.6000 0.0549638  10486.58
  954.1000 0.0484694  10481.08
  954.6000 0.0421682  10475.59
  955.1000 0.0361936  10470.11
  955.6000 0.0306483  10464.63
  956.1000 0.0256040  10459.16
  956.6000 0.0211027  10453.69
  957.1000 0.0171592  10448.23
  957.6000 0.0137652  10442.77
CENTER:    958.10NM   FWHM:    8.70NM
  949.4000 0.0124117  10532.97
  949.9000 0.0155167  10527.42
  950.4000 0.0191440  10521.89
  950.9000 0.0233091  10516.35
  951.4000 0.0280079  10510.83
  951.9000 0.0332123  10505.31
  952.4000 0.0388667  10499.79
  952.9000 0.0448870  10494.28
  953.4000 0.0511593  10488.78
  953.9000 0.0575428  10483.28
  954.4000 0.0638734  10477.79
  954.9000 0.0699698  10472.30
  955.4000 0.0756421  10466.82
  955.9000 0.0807010  10461.35
  956.4000 0.0849682  10455.88
  956.9000 0.0882868  10450.41
  957.4000 0.0905311  10444.96
  957.9000 0.0916140  10439.50
  958.4000 0.0914930  10434.06
  958.9000 0.0901730  10428.62
  959.4000 0.0877055  10423.18
  959.9000 0.0841860  10417.75
  960.4000 0.0797471  10412.33
  960.9000 0.0745508  10406.91
  961.4000 0.0687783  10401.50
  961.9000 0.0626200  10396.09
  962.4000 0.0562648  10390.69
  962.9000 0.0498911  10385.29
  963.4000 0.0436587  10379.90
  963.9000 0.0377035  10374.52
  964.4000 0.0321332  10369.14
  964.9000 0.0270264  10363.77
  965.4000 0.0224329  10358.40
  965.9000 0.0183757  10353.04
  966.4000 0.0148548  10347.68
CENTER:    966.80NM   FWHM:    8.70NM
  958.1000 0.0124117  10437.32
  958.6000 0.0155167  10431.88
  959.1000 0.0191440  10426.44
  959.6000 0.0233091  10421.01
  960.1000 0.0280079  10415.58
  960.6000 0.0332123  10410.16
  961.1000 0.0388667  10404.74
  961.6000 0.0448870  10399.33
  962.1000 0.0511593  10393.93
  962.6000 0.0575428  10388.53
  963.1000 0.0638734  10383.14
  963.6000 0.0699698  10377.75
  964.1000 0.0756421  10372.37
  964.6000 0.0807010  10366.99
  965.1000 0.0849682  10361.62
  965.6000 0.0882868  10356.26
  966.1000 0.0905311  10350.90
  966.6000 0.0916140  10345.54
  967.1000 0.0914930  10340.19
  967.6000 0.0901730  10334.85
  968.1000 0.0877055  10329.51
  968.6000 0.0841860  10324.18
  969.1000 0.0797471  10318.85
  969.6000 0.0745508  10313.53
  970.1000 0.0687783  10308.22
  970.6000 0.0626200  10302.91
  971.1000 0.0562648  10297.60
  971.6000 0.0498911  10292.30
  972.1000 0.0436587  10287.01
  972.6000 0.0377035  10281.72
  973.1000 0.0321332  10276.44
  973.6000 0.0270264  10271.16
  974.1000 0.0224329  10265.89
  974.6000 0.0183757  10260.62
  975.1000 0.0148548  10255.36
CENTER:    975.10NM   FWHM:    9.10NM
  966.0000 0.0118661  10351.97
  966.5000 0.0146939  10346.61
  967.0000 0.0179771  10341.26
  967.5000 0.0217299  10335.92
  968.0000 0.0259508  10330.58
  968.5000 0.0306197  10325.25
  969.0000 0.0356948  10319.92
  969.5000 0.0411117  10314.60
  970.0000 0.0467823  10309.28
  970.5000 0.0525960  10303.97
  971.0000 0.0584224  10298.66
  971.5000 0.0641154  10293.36
  972.0000 0.0695184  10288.07
  972.5000 0.0744721  10282.78
  973.0000 0.0788211  10277.49
  973.5000 0.0824227  10272.21
  974.0000 0.0851544  10266.94
  974.5000 0.0869206  10261.67
  975.0000 0.0876584  10256.41
  975.5000 0.0873415  10251.15
  976.0000 0.0859810  10245.90
  976.5000 0.0836258  10240.66
  977.0000 0.0803588  10235.41
  977.5000 0.0762926  10230.18
  978.0000 0.0715627  10224.95
  978.5000 0.0663203  10219.72
  979.0000 0.0607242  10214.50
  979.5000 0.0549329  10209.29
  980.0000 0.0490975  10204.08
  980.5000 0.0433552  10198.88
  981.0000 0.0378250  10193.68
  981.5000 0.0326041  10188.49
  982.0000 0.0277664  10183.30
  982.5000 0.0233628  10178.12
  983.0000 0.0194216  10172.94
  983.5000 0.0159514  10167.77
  984.0000 0.0129440  10162.60
CENTER:    984.30NM   FWHM:    8.90NM
  975.4000 0.0121328  10252.20
  975.9000 0.0150943  10246.95
  976.4000 0.0185432  10241.70
  976.9000 0.0224942  10236.46
  977.4000 0.0269448  10231.23
  977.9000 0.0318711  10225.99
  978.4000 0.0372251  10220.77
  978.9000 0.0429331  10215.55
  979.4000 0.0488950  10210.33
  979.9000 0.0549864  10205.12
  980.4000 0.0610608  10199.92
  980.9000 0.0669556  10194.72
  981.4000 0.0724985  10189.53
  981.9000 0.0775154  10184.34
  982.4000 0.0818397  10179.15
  982.9000 0.0853213  10173.97
  983.4000 0.0878351  10168.80
  983.9000 0.0892885  10163.63
  984.4000 0.0896273  10158.47
  984.9000 0.0888387  10153.32
  985.4000 0.0869524  10148.16
  985.9000 0.0840384  10143.02
  986.4000 0.0802032  10137.88
  986.9000 0.0755827  10132.74
  987.4000 0.0703348  10127.61
  987.9000 0.0646302  10122.48
  988.4000 0.0586432  10117.36
  988.9000 0.0525433  10112.25
  989.4000 0.0464872  10107.14
  989.9000 0.0406132  10102.03
  990.4000 0.0350363  10096.93
  990.9000 0.0298460  10091.84
  991.4000 0.0251057  10086.75
  991.9000 0.0208533  10081.66
  992.4000 0.0171039  10076.58
  992.9000 0.0138526  10071.51
CENTER:    993.40NM   FWHM:    8.80NM
  984.6000 0.0122707  10156.41
  985.1000 0.0153027  10151.25
  985.6000 0.0188390  10146.10
  986.1000 0.0228951  10140.96
  986.6000 0.0274673  10135.82
  987.1000 0.0325299  10130.69
  987.6000 0.0380313  10125.56
  988.1000 0.0438927  10120.43
  988.6000 0.0500074  10115.31
  989.1000 0.0562430  10110.20
  989.6000 0.0624445  10105.09
  990.1000 0.0684403  10099.99
  990.6000 0.0740494  10094.89
  991.1000 0.0790903  10089.80
  991.6000 0.0833905  10084.71
  992.1000 0.0867964  10079.63
  992.6000 0.0891824  10074.55
  993.1000 0.0904582  10069.48
  993.6000 0.0905751  10064.41
  994.1000 0.0895285  10059.35
  994.6000 0.0873587  10054.29
  995.1000 0.0841477  10049.24
  995.6000 0.0800148  10044.19
  996.1000 0.0751088  10039.15
  996.6000 0.0695989  10034.12
  997.1000 0.0636658  10029.08
  997.6000 0.0574913  10024.06
  998.1000 0.0512495  10019.04
  998.6000 0.0450992  10014.02
  999.1000 0.0391778  10009.01
  999.6000 0.0335972  10004.00
 1000.1000 0.0284419   9999.00
 1000.6000 0.0237687   9994.00
 1001.1000 0.0196085   9989.01
 1001.6000 0.0159689   9984.03
 1002.1000 0.0128380   9979.04
CENTER:   1000.40NM   FWHM:    8.90NM
  991.5000 0.0121328  10085.73
  992.0000 0.0150943  10080.65
  992.5000 0.0185432  10075.57
  993.0000 0.0224942  10070.49
  993.5000 0.0269448  10065.43
  994.0000 0.0318711  10060.36
  994.5000 0.0372251  10055.30
  995.0000 0.0429331  10050.25
  995.5000 0.0488950  10045.20
  996.0000 0.0549864  10040.16
  996.5000 0.0610608  10035.12
  997.0000 0.0669556  10030.09
  997.5000 0.0724985  10025.06
  998.0000 0.0775154  10020.04
  998.5000 0.0818397  10015.02
  999.0000 0.0853213  10010.01
  999.5000 0.0878351  10005.00
 1000.0000 0.0892885  10000.00
 1000.5000 0.0896273   9995.00
 1001.0000 0.0888387   9990.01
 1001.5000 0.0869524   9985.02
 1002.0000 0.0840384   9980.04
 1002.5000 0.0802032   9975.06
 1003.0000 0.0755827   9970.09
 1003.5000 0.0703348   9965.12
 1004.0000 0.0646302   9960.16
 1004.5000 0.0586432   9955.20
 1005.0000 0.0525433   9950.25
 1005.5000 0.0464872   9945.30
 1006.0000 0.0406132   9940.36
 1006.5000 0.0350363   9935.42
 1007.0000 0.0298460   9930.49
 1007.5000 0.0251057   9925.56
 1008.0000 0.0208533   9920.63
 1008.5000 0.0171039   9915.72
 1009.0000 0.0138526   9910.80
CENTER:   1008.40NM   FWHM:    8.70NM
  999.7000 0.0124117  10003.00
 1000.2000 0.0155167   9998.00
 1000.7000 0.0191440   9993.00
 1001.2000 0.0233091   9988.01
 1001.7000 0.0280079   9983.03
 1002.2000 0.0332123   9978.05
 1002.7000 0.0388667   9973.07
 1003.2000 0.0448870   9968.10
 1003.7000 0.0511593   9963.14
 1004.2000 0.0575428   9958.18
 1004.7000 0.0638734   9953.22
 1005.2000 0.0699698   9948.27
 1005.7000 0.0756421   9943.32
 1006.2000 0.0807010   9938.38
 1006.7000 0.0849682   9933.45
 1007.2000 0.0882868   9928.51
 1007.7000 0.0905311   9923.59
 1008.2000 0.0916140   9918.67
 1008.7000 0.0914930   9913.75
 1009.2000 0.0901730   9908.84
 1009.7000 0.0877055   9903.93
 1010.2000 0.0841860   9899.03
 1010.7000 0.0797471   9894.13
 1011.2000 0.0745508   9889.24
 1011.7000 0.0687783   9884.35
 1012.2000 0.0626200   9879.47
 1012.7000 0.0562648   9874.59
 1013.2000 0.0498911   9869.72
 1013.7000 0.0436587   9864.85
 1014.2000 0.0377035   9859.99
 1014.7000 0.0321332   9855.13
 1015.2000 0.0270264   9850.28
 1015.7000 0.0224329   9845.43
 1016.2000 0.0183757   9840.58
 1016.7000 0.0148548   9835.74
CENTER:   1016.30NM   FWHM:    8.70NM
 1007.6000 0.0124117   9924.57
 1008.1000 0.0155167   9919.65
 1008.6000 0.0191440   9914.73
 1009.1000 0.0233091   9909.82
 1009.6000 0.0280079   9904.91
 1010.1000 0.0332123   9900.01
 1010.6000 0.0388667   9895.11
 1011.1000 0.0448870   9890.22
 1011.6000 0.0511593   9885.33
 1012.1000 0.0575428   9880.45
 1012.6000 0.0638734   9875.57
 1013.1000 0.0699698   9870.69
 1013.6000 0.0756421   9865.82
 1014.1000 0.0807010   9860.96
 1014.6000 0.0849682   9856.10
 1015.1000 0.0882868   9851.25
 1015.6000 0.0905311   9846.40
 1016.1000 0.0916140   9841.55
 1016.6000 0.0914930   9836.71
 1017.1000 0.0901730   9831.87
 1017.6000 0.0877055   9827.04
 1018.1000 0.0841860   9822.22
 1018.6000 0.0797471   9817.40
 1019.1000 0.0745508   9812.58
 1019.6000 0.0687783   9807.77
 1020.1000 0.0626200   9802.96
 1020.6000 0.0562648   9798.16
 1021.1000 0.0498911   9793.36
 1021.6000 0.0436587   9788.57
 1022.1000 0.0377035   9783.78
 1022.6000 0.0321332   9778.99
 1023.1000 0.0270264   9774.22
 1023.6000 0.0224329   9769.44
 1024.1000 0.0183757   9764.67
 1024.6000 0.0148548   9759.91
CENTER:   1023.90NM   FWHM:    8.70NM
 1015.2000 0.0124117   9850.28
 1015.7000 0.0155167   9845.43
 1016.2000 0.0191440   9840.58
 1016.7000 0.0233091   9835.74
 1017.2000 0.0280079   9830.91
 1017.7000 0.0332123   9826.08
 1018.2000 0.0388667   9821.25
 1018.7000 0.0448870   9816.43
 1019.2000 0.0511593   9811.62
 1019.7000 0.0575428   9806.81
 1020.2000 0.0638734   9802.00
 1020.7000 0.0699698   9797.20
 1021.2000 0.0756421   9792.40
 1021.7000 0.0807010   9787.61
 1022.2000 0.0849682   9782.82
 1022.7000 0.0882868   9778.04
 1023.2000 0.0905311   9773.26
 1023.7000 0.0916140   9768.49
 1024.2000 0.0914930   9763.72
 1024.7000 0.0901730   9758.95
 1025.2000 0.0877055   9754.19
 1025.7000 0.0841860   9749.44
 1026.2000 0.0797471   9744.69
 1026.7000 0.0745508   9739.94
 1027.2000 0.0687783   9735.20
 1027.7000 0.0626200   9730.47
 1028.2000 0.0562648   9725.73
 1028.7000 0.0498911   9721.01
 1029.2000 0.0436587   9716.28
 1029.7000 0.0377035   9711.57
 1030.2000 0.0321332   9706.85
 1030.7000 0.0270264   9702.14
 1031.2000 0.0224329   9697.44
 1031.7000 0.0183757   9692.74
 1032.2000 0.0148548   9688.04
CENTER:   1031.40NM   FWHM:    8.50NM
 1022.9000 0.0127038   9776.13
 1023.4000 0.0159630   9771.35
 1023.9000 0.0197826   9766.58
 1024.4000 0.0241793   9761.81
 1024.9000 0.0291469   9757.05
 1025.4000 0.0346521   9752.29
 1025.9000 0.0406308   9747.54
 1026.4000 0.0469863   9742.79
 1026.9000 0.0535890   9738.05
 1027.4000 0.0602794   9733.31
 1027.9000 0.0668731   9728.57
 1028.4000 0.0731683   9723.84
 1028.9000 0.0789557   9719.12
 1029.4000 0.0840298   9714.40
 1029.9000 0.0882006   9709.68
 1030.4000 0.0913060   9704.97
 1030.9000 0.0932214   9700.26
 1031.4000 0.0938688   9695.56
 1031.9000 0.0932214   9690.86
 1032.4000 0.0913060   9686.17
 1032.9000 0.0882006   9681.48
 1033.4000 0.0840298   9676.80
 1033.9000 0.0789557   9672.12
 1034.4000 0.0731683   9667.44
 1034.9000 0.0668731   9662.77
 1035.4000 0.0602794   9658.10
 1035.9000 0.0535890   9653.44
 1036.4000 0.0469863   9648.78
 1036.9000 0.0406308   9644.13
 1037.4000 0.0346521   9639.48
 1037.9000 0.0291469   9634.84
 1038.4000 0.0241793   9630.20
 1038.9000 0.0197826   9625.57
 1039.4000 0.0159630   9620.94
 1039.9000 0.0127038   9616.31
CENTER:   1038.40NM   FWHM:    8.30NM
 1030.1000 0.0130099   9707.80
 1030.6000 0.0164350   9703.09
 1031.1000 0.0204627   9698.38
 1031.6000 0.0251103   9693.68
 1032.1000 0.0303694   9688.98
 1032.6000 0.0362007   9684.29
 1033.1000 0.0425298   9679.61
 1033.6000 0.0492454   9674.92
 1034.1000 0.0561997   9670.24
 1034.6000 0.0632117   9665.57
 1035.1000 0.0700740   9660.90
 1035.6000 0.0765619   9656.24
 1036.1000 0.0824449   9651.58
 1036.6000 0.0875006   9646.92
 1037.1000 0.0915280   9642.27
 1037.6000 0.0943610   9637.63
 1038.1000 0.0958798   9632.98
 1038.6000 0.0960191   9628.35
 1039.1000 0.0947728   9623.71
 1039.6000 0.0921947   9619.08
 1040.1000 0.0883942   9614.46
 1040.6000 0.0835291   9609.84
 1041.1000 0.0777942   9605.23
 1041.6000 0.0714089   9600.61
 1042.1000 0.0646032   9596.01
 1042.6000 0.0576037   9591.41
 1043.1000 0.0506225   9586.81
 1043.6000 0.0438462   9582.22
 1044.1000 0.0374297   9577.63
 1044.6000 0.0314918   9573.04
 1045.1000 0.0261140   9568.46
 1045.6000 0.0213425   9563.89
 1046.1000 0.0171915   9559.32
 1046.6000 0.0136482   9554.75
CENTER:   1046.10NM   FWHM:    8.40NM
 1037.7000 0.0128550   9636.70
 1038.2000 0.0161956   9632.06
 1038.7000 0.0201173   9627.42
 1039.2000 0.0246368   9622.79
 1039.7000 0.0297472   9618.16
 1040.2000 0.0354121   9613.54
 1040.7000 0.0415626   9608.92
 1041.2000 0.0480949   9604.30
 1041.7000 0.0548707   9599.69
 1042.2000 0.0617201   9595.09
 1042.7000 0.0684476   9590.49
 1043.2000 0.0748401   9585.89
 1043.7000 0.0806781   9581.30
 1044.2000 0.0857476   9576.71
 1044.7000 0.0898531   9572.13
 1045.2000 0.0928303   9567.55
 1045.7000 0.0945565   9562.97
 1046.2000 0.0949593   9558.40
 1046.7000 0.0940219   9553.84
 1047.2000 0.0917837   9549.27
 1047.7000 0.0883380   9544.72
 1048.2000 0.0838251   9540.16
 1048.7000 0.0784234   9535.62
 1049.2000 0.0723373   9531.07
 1049.7000 0.0657846   9526.53
 1050.2000 0.0589835   9522.00
 1050.7000 0.0521414   9517.46
 1051.2000 0.0454443   9512.94
 1051.7000 0.0390500   9508.41
 1052.2000 0.0330832   9503.90
 1052.7000 0.0276338   9499.38
 1053.2000 0.0227571   9494.87
 1053.7000 0.0184773   9490.37
 1054.2000 0.0147913   9485.87
CENTER:   1052.80NM   FWHM:    8.40NM
 1044.4000 0.0128550   9574.88
 1044.9000 0.0161956   9570.29
 1045.4000 0.0201173   9565.72
 1045.9000 0.0246368   9561.14
 1046.4000 0.0297472   9556.57
 1046.9000 0.0354121   9552.01
 1047.4000 0.0415626   9547.45
 1047.9000 0.0480949   9542.90
 1048.4000 0.0548707   9538.34
 1048.9000 0.0617201   9533.80
 1049.4000 0.0684476   9529.25
 1049.9000 0.0748401   9524.72
 1050.4000 0.0806781   9520.18
 1050.9000 0.0857476   9515.65
 1051.4000 0.0898531   9511.13
 1051.9000 0.0928303   9506.61
 1052.4000 0.0945565   9502.09
 1052.9000 0.0949593   9497.58
 1053.4000 0.0940219   9493.07
 1053.9000 0.0917837   9488.57
 1054.4000 0.0883380   9484.07
 1054.9000 0.0838251   9479.57
 1055.4000 0.0784234   9475.08
 1055.9000 0.0723373   9470.59
 1056.4000 0.0657846   9466.11
 1056.9000 0.0589835   9461.63
 1057.4000 0.0521414   9457.16
 1057.9000 0.0454443   9452.69
 1058.4000 0.0390500   9448.22
 1058.9000 0.0330832   9443.76
 1059.4000 0.0276338   9439.31
 1059.9000 0.0227571   9434.85
 1060.4000 0.0184773   9430.40
 1060.9000 0.0147913   9425.96
CENTER:   1059.70NM   FWHM:    8.60NM
 1051.1000 0.0125560   9513.84
 1051.6000 0.0157368   9509.32
 1052.1000 0.0194584   9504.80
 1052.6000 0.0237369   9500.29
 1053.1000 0.0285674   9495.77
 1053.6000 0.0339192   9491.27
 1054.1000 0.0397327   9486.77
 1054.6000 0.0459176   9482.27
 1055.1000 0.0523525   9477.77
 1055.6000 0.0588877   9473.29
 1056.1000 0.0653490   9468.80
 1056.6000 0.0715454   9464.32
 1057.1000 0.0772773   9459.84
 1057.6000 0.0823475   9455.37
 1058.1000 0.0865719   9450.90
 1058.6000 0.0897907   9446.44
 1059.1000 0.0918785   9441.98
 1059.6000 0.0927522   9437.52
 1060.1000 0.0923767   9433.07
 1060.6000 0.0907672   9428.63
 1061.1000 0.0879880   9424.18
 1061.6000 0.0841484   9419.74
 1062.1000 0.0793955   9415.31
 1062.6000 0.0739051   9410.88
 1063.1000 0.0678704   9406.45
 1063.6000 0.0614915   9402.03
 1064.1000 0.0549638   9397.61
 1064.6000 0.0484694   9393.20
 1065.1000 0.0421682   9388.79
 1065.6000 0.0361936   9384.38
 1066.1000 0.0306483   9379.98
 1066.6000 0.0256040   9375.59
 1067.1000 0.0211027   9371.19
 1067.6000 0.0171592   9366.80
 1068.1000 0.0137652   9362.42
CENTER:   1066.70NM   FWHM:    8.50NM
 1058.2000 0.0127038   9450.01
 1058.7000 0.0159630   9445.55
 1059.2000 0.0197826   9441.09
 1059.7000 0.0241793   9436.63
 1060.2000 0.0291469   9432.18
 1060.7000 0.0346521   9427.74
 1061.2000 0.0406308   9423.29
 1061.7000 0.0469863   9418.86
 1062.2000 0.0535890   9414.42
 1062.7000 0.0602794   9409.99
 1063.2000 0.0668731   9405.57
 1063.7000 0.0731683   9401.15
 1064.2000 0.0789557   9396.73
 1064.7000 0.0840298   9392.32
 1065.2000 0.0882006   9387.91
 1065.7000 0.0913060   9383.50
 1066.2000 0.0932214   9379.10
 1066.7000 0.0938688   9374.71
 1067.2000 0.0932214   9370.31
 1067.7000 0.0913060   9365.93
 1068.2000 0.0882006   9361.54
 1068.7000 0.0840298   9357.16
 1069.2000 0.0789557   9352.79
 1069.7000 0.0731683   9348.42
 1070.2000 0.0668731   9344.05
 1070.7000 0.0602794   9339.68
 1071.2000 0.0535890   9335.32
 1071.7000 0.0469863   9330.97
 1072.2000 0.0406308   9326.62
 1072.7000 0.0346521   9322.27
 1073.2000 0.0291469   9317.93
 1073.7000 0.0241793   9313.59
 1074.2000 0.0197826   9309.25
 1074.7000 0.0159630   9304.92
 1075.2000 0.0127038   9300.60
CENTER:   1073.40NM   FWHM:    8.20NM
 1065.2000 0.0131685   9387.91
 1065.7000 0.0166814   9383.50
 1066.2000 0.0208195   9379.10
 1066.7000 0.0256005   9374.71
 1067.2000 0.0310147   9370.31
 1067.7000 0.0370193   9365.93
 1068.2000 0.0435342   9361.54
 1068.7000 0.0504398   9357.16
 1069.2000 0.0575781   9352.79
 1069.7000 0.0647563   9348.42
 1070.2000 0.0717544   9344.05
 1070.7000 0.0783350   9339.68
 1071.2000 0.0842567   9335.32
 1071.7000 0.0892882   9330.97
 1072.2000 0.0932233   9326.62
 1072.7000 0.0958951   9322.27
 1073.2000 0.0971873   9317.93
 1073.7000 0.0970429   9313.59
 1074.2000 0.0954682   9309.25
 1074.7000 0.0925327   9304.92
 1075.2000 0.0883635   9300.60
 1075.7000 0.0831364   9296.27
 1076.2000 0.0770639   9291.95
 1076.7000 0.0703804   9287.64
 1077.2000 0.0633277   9283.33
 1077.7000 0.0561406   9279.02
 1078.2000 0.0490345   9274.72
 1078.7000 0.0421956   9270.42
 1079.2000 0.0357745   9266.12
 1079.7000 0.0298828   9261.83
 1080.2000 0.0245929   9257.54
 1080.7000 0.0199407   9253.26
 1081.2000 0.0159298   9248.98
CENTER:   1079.90NM   FWHM:    8.20NM
 1071.7000 0.0131685   9330.97
 1072.2000 0.0166814   9326.62
 1072.7000 0.0208195   9322.27
 1073.2000 0.0256005   9317.93
 1073.7000 0.0310147   9313.59
 1074.2000 0.0370193   9309.25
 1074.7000 0.0435342   9304.92
 1075.2000 0.0504398   9300.60
 1075.7000 0.0575781   9296.27
 1076.2000 0.0647563   9291.95
 1076.7000 0.0717544   9287.64
 1077.2000 0.0783350   9283.33
 1077.7000 0.0842567   9279.02
 1078.2000 0.0892882   9274.72
 1078.7000 0.0932233   9270.42
 1079.2000 0.0958951   9266.12
 1079.7000 0.0971873   9261.83
 1080.2000 0.0970429   9257.54
 1080.7000 0.0954682   9253.26
 1081.2000 0.0925327   9248.98
 1081.7000 0.0883635   9244.71
 1082.2000 0.0831364   9240.44
 1082.7000 0.0770639   9236.17
 1083.2000 0.0703804   9231.91
 1083.7000 0.0633277   9227.65
 1084.2000 0.0561406   9223.39
 1084.7000 0.0490345   9219.14
 1085.2000 0.0421956   9214.89
 1085.7000 0.0357745   9210.65
 1086.2000 0.0298828   9206.41
 1086.7000 0.0245929   9202.17
 1087.2000 0.0199407   9197.94
 1087.7000 0.0159298   9193.71
CENTER:   1086.30NM   FWHM:    8.30NM
 1078.0000 0.0130099   9276.44
 1078.5000 0.0164350   9272.14
 1079.0000 0.0204627   9267.84
 1079.5000 0.0251103   9263.55
 1080.0000 0.0303694   9259.26
 1080.5000 0.0362007   9254.97
 1081.0000 0.0425298   9250.69
 1081.5000 0.0492454   9246.42
 1082.0000 0.0561997   9242.14
 1082.5000 0.0632117   9237.88
 1083.0000 0.0700740   9233.61
 1083.5000 0.0765619   9229.35
 1084.0000 0.0824449   9225.09
 1084.5000 0.0875006   9220.84
 1085.0000 0.0915280   9216.59
 1085.5000 0.0943610   9212.34
 1086.0000 0.0958798   9208.10
 1086.5000 0.0960191   9203.87
 1087.0000 0.0947728   9199.63
 1087.5000 0.0921947   9195.40
 1088.0000 0.0883942   9191.18
 1088.5000 0.0835291   9186.95
 1089.0000 0.0777942   9182.74
 1089.5000 0.0714089   9178.52
 1090.0000 0.0646032   9174.31
 1090.5000 0.0576037   9170.11
 1091.0000 0.0506225   9165.90
 1091.5000 0.0438462   9161.70
 1092.0000 0.0374297   9157.51
 1092.5000 0.0314918   9153.32
 1093.0000 0.0261140   9149.13
 1093.5000 0.0213425   9144.95
 1094.0000 0.0171915   9140.77
 1094.5000 0.0136482   9136.59
CENTER:   1092.10NM   FWHM:    7.80NM
 1084.3000 0.0138438   9222.54
 1084.8000 0.0177437   9218.29
 1085.3000 0.0223715   9214.04
 1085.8000 0.0277464   9209.80
 1086.3000 0.0338517   9205.56
 1086.8000 0.0406271   9201.32
 1087.3000 0.0479637   9197.09
 1087.8000 0.0557020   9192.87
 1088.3000 0.0636343   9188.64
 1088.8000 0.0715111   9184.42
 1089.3000 0.0790527   9180.21
 1089.8000 0.0859651   9176.00
 1090.3000 0.0919579   9171.79
 1090.8000 0.0967649   9167.58
 1091.3000 0.1001633   9163.38
 1091.8000 0.1019907   9159.19
 1092.3000 0.1021585   9154.99
 1092.8000 0.1006584   9150.81
 1093.3000 0.0975634   9146.62
 1093.8000 0.0930221   9142.44
 1094.3000 0.0872462   9138.26
 1094.8000 0.0804950   9134.09
 1095.3000 0.0730555   9129.92
 1095.8000 0.0652227   9125.75
 1096.3000 0.0572804   9121.59
 1096.8000 0.0494852   9117.43
 1097.3000 0.0420539   9113.28
 1097.8000 0.0351559   9109.13
 1098.3000 0.0289103   9104.98
 1098.8000 0.0233867   9100.84
 1099.3000 0.0186100   9096.70
 1099.8000 0.0145675   9092.56
